src/spatiotemporal_analysis/AEROMMA_NOAAPTR_DC8_20230822.ict
59, 1001
Matthew Coggon, Kelvin Bates, Chelsea Stockwell, Lu Xu, Carsten Warneke
NOAA ESRL Chemical Sciences Division
NOAA PTR-ToF-MS
AEROMMA
1,1 
2023, 08, 22, 2024, 04, 03
0
Time_Start, seconds, number of seconds from 00:00 UTC 
22
1, 1, 1, 1, 1, 1, 1, 1, 1, 1, 1, 1, 1, 1, 1, 1, 1, 1, 1, 1, 1, 1
-9999, -9999, -9999, -9999, -9999, -9999, -9999, -9999, -9999, -9999, -9999, -9999, -9999, -9999, -9999, -9999, -9999, -9999, -9999, -9999, -9999, -9999
CH3OH_NOAAPTR_ppbv,  ppbv, Gas_CH3OH_InSitu_S_AVMR, (CH3OH) methanol
CH3CN_NOAAPTR_ppbv,  ppbv, Gas_CH3CN_InSitu_S_AVMR, (CH3CN) acetonitrile
CH3CHO_NOAAPTR_ppbv,  ppbv, Cas_CH3CHO_InSitu_S_AVMR, (CH3CHO) acetaldehyde. Interferences from ethanol and ethylene glycol have been subtracted (using NOAA LTOF data for ethylene glycol)
C2H5OH_NOAAPTR_ppbv,  ppbv, Gas_C2H5OH_InSitu_S_AVMR, (C2H5OH) ethanol
CH3SH_NOAAPTR_ppbv,  ppbv, Gas_CH3SH_InSitu_S_AVMR, (CH3SH) methanethiol, using calibration factor for DMS
Acrolein_NOAAPTR_ppbv,  ppbv, Gas_Acrolein_InSitu_S_AVMR, (C3H4O) acrolein
AcetonePropanal_NOAAPTR_ppbv,  ppbv, Gas_AcetoneAndPropanal_InSitu_S_AVMR, (C3H6O) sum of acetone (dominant isomer) and propanal, using calibration factor for acetone
DMS_NOAAPTR_ppbv,  ppbv, Gas_DMS_InSitu_S_AVMR, (C2H6S) dimethyl sulfide with possible small contributions from ethanethiol
C5H8_NOAAPTR_ppbv,  ppbv, Gas_Isoprene_InSitu_S_AVMR, (C5H8) isoprene and possible fragments from cycloalkanes and aldehydes. Interferences have been subtracted following methods described by Coggon et al (2023)
MVKMAC_NOAAPTR_ppbv,  ppbv, Gas_MVKAndMAC_InSitu_S_AVMR, (C4H6O) sum of methyl vinyl ketone, methacrolein, and small amounts of crotonaldehyde, using weighted calibration factor for MVK (0.637) and MACR (0.363)
Benzene_NOAAPTR_ppbv,  ppbv, Gas_Benzene_InSitu_S_AVMR, (C6H6) benzene
Toluene_NOAAPTR_ppbv,  ppbv, Gas_Toluene_InSitu_S_AVMR, (C7H8) toluene with possible small contributions of fragments from ethyltoluene
Styrene_NOAAPTR_ppbv,  ppbv, Gas_Styrene_InSitu_S_AVMR, (C8H8) styrene
Benzaldehyde_NOAAPTR_ppbv,  ppbv, Gas_Benzaldehyde_InSitu_S_AVMR, (C7H6O) benzaldehyde
C8Aromatics_NOAAPTR_ppbv,  ppbv, Gas_C8Aromatics_InSitu_M_AVMR, (C8H10) sum of m-xylene, p-xylene, o-xylene, and ethyl benzene
C9Aromatics_NOAAPTR_ppbv,  ppbv, Gas_C9Aromatics_InSitu_M_AVMR, (C9H12) sum of C9 aromatics
Naphthalene_NOAAPTR_ppbv,  ppbv, Gas_Naphthalene_InSitu_S_AVMR, (C10H8) naphthalene
Octanal_NOAAPTR_ppbv,  ppbv, Gas_Octanal_InSitu_S_AVMR, (C8H16O) octanal and small amounts of octanone
Monoterpenes_NOAAPTR_ppbv,  ppbv, Gas_Monoterpenes_InSitu_M_AVMR, (C10H16) sum of monoterpenes and possible contributions from fragments of oxygenated monoterpenoids such as eucalyptol.
Nonanal_NOAAPTR_ppbv,  ppbv, Gas_Nonanal_InSitu_M_AVMR, (C9H18O) nonanal and small amounts of nonanone
C7H4ClF3_NOAAPTR_ppbv,  ppbv, Gas_C7H4ClF3_InSitu_S_AVMR, (C7H4ClF3) parachlorobenzotrifluoride
C10H30O5Si5_NOAAPTR_ppbv,  ppbv, Gas_C10H30O5Si5_InSitu_S_AVMR, (C10H30O5Si5) decamethylcyclopentasiloxane
1
SPECIAL COMMENTS:N/A
22
PI_CONTACT_INFO: NOAA ESRL Chemical Sciences Division, Tropospheric Chemistry Group. 325 Broadway, R/CSD7, Boulder, CO 80305
PLATFORM: Mobile Laboratory.
LOCATION: Palmdale, CA or Dayton, OH
ASSOCIATED_DATA: N/A
INSTRUMENT_INFO: NOAA PTR-ToF-MS measurements on DC8 aircraft
[...]
PROJECT_INFO: AEROMMA Deployment June-August, 2023
STIPULATIONS_ON_USE: Use of these data require prior OK from PI.
OTHER_COMMENTS: Uncertainties (%): 1Hz LOD (ppbv)
CH3OH_NOAAPTR_ppbv:30%:0.55; CH3CN_NOAAPTR_ppbv:30%:0.009; CH3CHO_NOAAPTR_ppbv:30%:0.13; C2H5OH_NOAAPTR_ppbv:30%:0.28; CH3SH_NOAAPTR_ppbv:50%:0.003; Acrolein_NOAAPTR_ppbv:30%:0.04; AcetonePropanal_NOAAPTR_ppbv:30%:0.04; DMS_NOAAPTR_ppbv:30%:0.007; C5H8_NOAAPTR_ppbv:30%:0.018; MVKMAC_NOAAPTR_ppbv:30%:0.014; 
Benzene_NOAAPTR_ppbv:30%:0.038; Toluene_NOAAPTR_ppbv:30%:0.007; Styrene_NOAAPTR_ppbv:30%:0.003; Benzaldehyde_NOAAPTR_ppbv:30%:0.008; C8Aromatics_NOAAPTR_ppbv:30%:0.003; C9Aromatics_NOAAPTR_ppbv:30%:0.003; Naphthalene_NOAAPTR_ppbv:30%:0.005; Octanal_NOAAPTR_ppbv:30%:0.007; Monoterpenes_NOAAPTR_ppbv:30%:0.004; Nonanal_NOAAPTR_ppbv:30%:0.01; 
C7H4ClF3_NOAAPTR_ppbv:30%:0.004; C10H30O5Si5_NOAAPTR_ppbv:30%:0.002; 
REVISION: R1
R1: Added acetaldehyde and LOD for each species (see other comments)
R0: Calibrated PTR Data. See individual species comments for details about measurement uncertainties.
Time_Start, CH3OH_NOAAPTR_ppbv, CH3CN_NOAAPTR_ppbv, CH3CHO_NOAAPTR_ppbv, C2H5OH_NOAAPTR_ppbv, CH3SH_NOAAPTR_ppbv, Acrolein_NOAAPTR_ppbv, AcetonePropanal_NOAAPTR_ppbv, DMS_NOAAPTR_ppbv, C5H8_NOAAPTR_ppbv, MVKMAC_NOAAPTR_ppbv, Benzene_NOAAPTR_ppbv, Toluene_NOAAPTR_ppbv, Styrene_NOAAPTR_ppbv, Benzaldehyde_NOAAPTR_ppbv, C8Aromatics_NOAAPTR_ppbv, C9Aromatics_NOAAPTR_ppbv, Naphthalene_NOAAPTR_ppbv, Octanal_NOAAPTR_ppbv, Monoterpenes_NOAAPTR_ppbv, Nonanal_NOAAPTR_ppbv, C7H4ClF3_NOAAPTR_ppbv, C10H30O5Si5_NOAAPTR_ppbv
[from data line 16387]
90914.0, 1.48521, 0.16507, -9999.00000, 0.21744, 0.00009, 0.03566, 1.35141, 0.00373, 0.00109, 0.00889, 0.04109, -0.00016, 0.00057, -0.00374, 0.00074, -0.00045, -0.00042, 0.01143, -0.00020, 0.00636, -0.00052, -0.00028 
90915.0, 1.69147, 0.16410, -9999.00000, 0.07306, -0.00119, 0.02241, 1.40546, 0.00390, 0.01204, -0.00174, 0.03018, -0.00467, -0.00116, -0.00232, -0.00048, -0.00142, -0.00221, 0.01600, 0.00040, 0.01884, 0.00159, -0.00059 
90916.0, 1.73184, 0.13336, -9999.00000, 0.03390, -0.00180, 0.02982, 1.34980, 0.00822, -0.00279, -0.00317, 0.01073, 0.00370, -0.00116, -0.00374, 0.00058, -0.00167, 0.00064, 0.00638, 0.00098, 0.01376, 0.00229, 0.00094 
90917.0, 2.09211, 0.15006, -9999.00000, 0.10208, -0.00148, 0.01797, 1.39119, 0.01147, 0.01505, -0.00476, 0.02134, 0.00416, -0.00116, -0.00374, -0.00014, -0.00113, -0.00221, 0.00725, 0.00187, 0.00403, 0.00031, -0.00024 
90918.0, 1.66338, 0.15195, -9999.00000, -0.00187, 0.00325, 0.03086, 1.39600, 0.00575, -0.00250, -0.00251, 0.00334, 0.00685, -0.00116, -0.00374, -0.00016, -0.00002, 0.00361, 0.00697, -0.00160, 0.01832, -0.00184, -0.00036 
90919.0, 1.37026, 0.16387, -9999.00000, 0.19572, -0.00120, 0.01919, 1.36372, 0.00820, 0.00744, 0.00298, 0.00279, 0.00177, 0.00038, -0.00374, -0.00061, 0.00109, -0.00220, 0.00622, 0.00243, 0.01421, 0.00046, -0.00026 
90920.0, 1.63884, 0.15580, -9999.00000, 0.09743, -0.00063, 0.02948, 1.37993, 0.01093, 0.01680, 0.00937, 0.04937, 0.00516, -0.00116, -0.00374, -0.00018, -0.00129, -0.00118, 0.00421, -0.00052, 0.00668, -0.00018, -0.00077 
90921.0, 1.13621, 0.15113, -9999.00000, -0.08148, 0.00004, 0.02624, 1.34751, 0.00634, 0.00401, -0.01037, 0.01030, -0.00430, -0.00116, -0.00349, -0.00088, -0.00180, -0.00221, 0.00081, -0.00023, 0.01433, 0.00024, 0.00165 
90922.0, 1.42254, 0.15398, -9999.00000, 0.09216, 0.00045, 0.03314, 1.33653, 0.00481, -0.00777, 0.00081, 0.02329, 0.00467, -0.00116, -0.00374, 0.00140, -0.00167, -0.00125, 0.00120, 0.00187, 0.01728, 0.00143, 0.00167 
90923.0, 1.25675, 0.16560, -9999.00000, -0.02778, 0.00017, 0.03539, 1.40078, 0.00703, 0.00025, -0.00174, -0.00712, 0.00661, 0.00012, -0.00374, -0.00054, -0.00102, -0.00221, 0.01287, 0.00206, 0.00886, 0.00056, -0.00046 
90924.0, 1.65301, 0.16548, -9999.00000, 0.05570, -0.00080, 0.03050, 1.40802, 0.00114, -0.01076, -0.00403, 0.06030, -0.00231, -0.00116, -0.00374, 0.00044, -0.00126, -0.00188, 0.00064, 0.00498, 0.01504, -0.00024, 0.00153 
90925.0, 2.03621, 0.17354, -9999.00000, 0.13767, -0.00077, 0.03694, 1.47255, 0.01432, -0.01391, -0.00562, 0.00567, 0.00118, 0.00058, -0.00222, -0.00076, -0.00141, -0.00102, 0.01016, 0.00022, 0.00740, -0.00011, 0.00023 
90926.0, 1.31461, 0.15079, -9999.00000, 0.11017, 0.00199, 0.02721, 1.42122, 0.00259, 0.00395, 0.00338, 0.02108, 0.00012, 0.00041, -0.00222, 0.00080, -0.00122, -0.00134, 0.00655, -0.00035, 0.00555, 0.00029, 0.00155 
90927.0, 0.86314, 0.15103, -9999.00000, 0.04076, 0.00079, 0.03721, 1.36781, 0.00744, -0.01692, -0.00397, 0.00476, -0.00055, -0.00116, -0.00237, -0.00070, -0.00198, -0.00221, -0.00286, -0.00070, 0.00656, -0.00144, 0.00007 
90928.0, 1.51422, 0.14535, -9999.00000, 0.14757, -0.00047, 0.01923, 1.36454, 0.00998, -0.00762, -0.01154, 0.03628, -0.00033, -0.00116, -0.00374, -0.00108, -0.00137, -0.00135, -0.00024, -0.00004, 0.02603, 0.00264, -0.00050 
90929.0, 0.97925, 0.15937, -9999.00000, -0.09761, 0.00002, 0.03020, 1.34293, 0.00175, 0.00013, -0.00543, -0.01508, -0.00512, -0.00116, -0.00349, 0.00031, -0.00150, -0.00125, 0.00081, 0.00037, 0.01674, 0.00219, 0.00282 
90930.0, 1.36893, 0.15453, -9999.00000, 0.05754, 0.00054, 0.03300, 1.35992, 0.00439, 0.00331, -0.00156, 0.02329, 0.00739, -0.00043, -0.00374, -0.00022, -0.00176, -0.00221, 0.00332, 0.00235, 0.01195, -0.00052, 0.00077 
90931.0, 1.52072, 0.14665, -9999.00000, 0.08174, -0.00117, 0.02483, 1.34730, 0.01089, 0.00424, 0.00456, 0.00849, -0.00015, -0.00116, -0.00164, -0.00052, 0.00065, -0.00082, 0.00482, 0.00152, 0.03173, 0.00159, -0.00040 
90932.0, 1.73247, 0.14043, -9999.00000, 0.00554, 0.00110, 0.00549, 1.29530, 0.00398, -0.00345, -0.00127, 0.01778, 0.00094, 0.00128, -0.00008, -0.00179, -0.00050, -0.00095, 0.00420, -0.00207, 0.00726, 0.00281, 0.00087 
90933.0, 1.54164, 0.14559, -9999.00000, 0.13991, -0.00101, 0.03896, 1.35715, 0.01580, 0.03490, -0.00672, 0.00732, 0.00652, -0.00002, 0.00072, -0.00155, -0.00032, -0.00221, 0.00916, -0.00223, 0.01539, -0.00103, -0.00104 
90934.0, 1.66948, 0.14807, -9999.00000, 0.02850, 0.00101, 0.01990, 1.34939, 0.01066, 0.00044, -0.00246, 0.04193, -0.00338, -0.00116, -0.00374, -0.00031, -0.00109, -0.00190, -0.00179, 0.00250, 0.02085, 0.00064, -0.00028 
90935.0, 1.92034, 0.15820, -9999.00000, -0.07023, 0.00121, 0.03478, 1.31474, 0.00475, 0.00335, -0.00437, -0.00309, -0.00264, -0.00095, -0.00169, 0.00044, -0.00094, -0.00156, 0.00277, 0.00333, 0.00605, -0.00072, 0.00071 
90936.0, 1.41200, 0.15449, -9999.00000, -0.08093, 0.00187, 0.01269, 1.25742, 0.00297, 0.01168, -0.00408, -0.00590, -0.00124, -0.00093, 0.00041, -0.00149, -0.00115, -0.00157, -0.00244, -0.00018, 0.01656, 0.00075, 0.00182 
90937.0, 1.96685, 0.14536, -9999.00000, 0.03507, -0.00128, 0.00665, 1.23935, 0.00577, -0.00213, -0.00428, 0.01064, 0.00349, -0.00116, 0.00128, 0.00091, -0.00204, 0.00148, 0.00471, 0.00198, 0.01554, 0.00001, 0.00025 
90938.0, 0.95264, 0.14947, -9999.00000, 0.11906, -0.00106, 0.02145, 1.32386, 0.00237, 0.00799, -0.00320, 0.05079, 0.00164, 0.00295, -0.00300, 0.00023, -0.00143, -0.00043, 0.00295, -0.00020, 0.01119, 0.00160, -0.00000 
90939.0, 2.47320, 0.15189, -9999.00000, -0.17139, 0.00028, 0.00580, 1.45223, 0.00130, 0.00588, -0.00454, 0.06905, 0.00314, -0.00116, -0.00193, 0.00087, -0.00116, -0.00101, 0.00450, -0.00042, 0.02021, 0.00065, 0.00091 
90940.0, 2.51587, 0.16748, -9999.00000, -0.05028, -0.00064, 0.00384, 1.50308, 0.00143, 0.00851, 0.00709, 0.00132, -0.00060, -0.00116, 0.00041, 0.00179, -0.00150, -0.00221, 0.00377, 0.00023, -0.00293, 0.00196, -0.00037 
90941.0, 2.07075, 0.16904, -9999.00000, 0.21116, 0.00115, 0.00442, 1.48644, 0.00366, 0.00549, 0.00131, 0.03862, 0.00037, -0.00116, -0.00042, 0.00303, -0.00102, -0.00000, -0.00044, 0.00201, 0.00907, 0.00063, 0.00085 
90942.0, 2.33917, 0.16619, -9999.00000, 0.16856, 0.00023, 0.01068, 1.53696, -0.00238, 0.01573, 0.00373, 0.07211, 0.00373, -0.00116, 0.00230, -0.00125, 0.00055, 0.00463, 0.00148, -0.00021, 0.00781, -0.00120, 0.00082 
90943.0, 1.96721, 0.16568, -9999.00000, 0.26322, -0.00091, 0.01089, 1.54292, -0.00197, 0.00731, 0.00354, 0.07293, 0.00384, -0.00116, -0.00127, -0.00031, -0.00199, -0.00199, -0.00113, 0.00097, 0.01167, 0.00034, -0.00082 
90944.0, 2.21765, 0.17854, -9999.00000, 0.06759, 0.00015, 0.02178, 1.53443, 0.00103, 0.00368, -0.00415, 0.02237, 0.00171, -0.00116, -0.00374, 0.00045, -0.00118, 0.00439, 0.00168, 0.00077, 0.02025, -0.00145, -0.00100 
90945.0, 1.98211, 0.16341, -9999.00000, 0.02797, -0.00041, 0.00498, 1.53809, -0.00020, 0.01799, 0.01104, 0.02590, -0.00098, -0.00116, 0.00139, -0.00070, -0.00010, -0.00134, 0.01008, -0.00120, 0.01585, -0.00103, 0.00055 
90946.0, 2.49083, 0.17121, -9999.00000, 0.11952, -0.00073, 0.00580, 1.53421, 0.00177, 0.00723, -0.00285, 0.04472, 0.00929, -0.00116, 0.00037, -0.00060, -0.00193, -0.00221, 0.00906, -0.00263, 0.01440, 0.00080, 0.00086 
90947.0, 2.79077, 0.17354, -9999.00000, 0.14060, 0.00039, 0.00023, 1.60940, -0.00307, 0.01143, 0.00590, 0.04811, 0.00924, -0.00116, -0.00335, -0.00067, -0.00146, -0.00083, 0.00160, 0.00251, 0.01088, -0.00056, -0.00102 
90948.0, 2.18027, 0.18501, -9999.00000, 0.10664, 0.00065, 0.01840, 1.62918, 0.00067, -0.00067, -0.00104, 0.02604, 0.00360, -0.00105, -0.00214, 0.00089, -0.00117, 0.00094, 0.00449, 0.00021, 0.00677, 0.00344, -0.00070 
90949.0, 2.12752, 0.17723, -9999.00000, 0.20508, -0.00129, 0.02359, 1.59496, 0.00128, 0.00860, -0.00213, 0.05817, 0.01213, 0.00033, -0.00370, -0.00136, -0.00156, 0.00369, 0.00958, 0.00517, 0.00738, 0.00180, -0.00069 
90950.0, 2.47845, 0.19361, -9999.00000, -0.13292, -0.00086, 0.00165, 1.58145, -0.00022, -0.00366, 0.00275, 0.07058, 0.00042, 0.00276, -0.00244, 0.00107, -0.00007, -0.00010, -0.00425, -0.00176, -0.00230, -0.00047, -0.00011 
90951.0, 2.24240, 0.17528, -9999.00000, 0.45646, -0.00090, 0.01774, 1.58940, -0.00107, -0.01059, 0.00752, 0.01602, -0.00201, 0.00077, 0.00171, 0.00069, -0.00142, 0.00436, 0.01100, 0.00044, 0.01206, 0.00256, 0.00001 
90952.0, 2.64690, 0.18158, -9999.00000, 0.18021, -0.00038, 0.01371, 1.62335, -0.00261, -0.00133, 0.01491, 0.05003, 0.00058, -0.00116, 0.00218, 0.00011, -0.00125, 0.00260, 0.00290, 0.00493, 0.02470, 0.00083, -0.00030 
90953.0, 2.47682, 0.18007, -9999.00000, 0.14388, 0.00112, 0.01182, 1.59384, -0.00190, -0.00648, 0.00484, 0.06334, 0.00216, -0.00115, 0.00264, -0.00117, -0.00040, -0.00071, 0.00131, 0.00095, 0.01040, 0.00033, -0.00005 
90954.0, 2.51713, 0.18206, -9999.00000, 0.14326, 0.00092, 0.00661, 1.61869, 0.00019, 0.00450, 0.01208, 0.03505, 0.00310, -0.00016, 0.00600, 0.00132, -0.00048, 0.00296, 0.00340, 0.00514, 0.01706, 0.00111, 0.00000 
90955.0, 2.39854, 0.18712, -9999.00000, 0.05309, 0.00058, 0.01168, 1.57907, -0.00170, 0.00478, 0.00931, 0.08715, -0.00021, -0.00026, -0.00012, -0.00047, -0.00091, -0.00158, 0.00505, 0.00049, 0.01553, 0.00275, -0.00105 
90956.0, 2.44032, 0.17118, -9999.00000, 0.21482, 0.00075, -0.00109, 1.59664, -0.00307, 0.01650, 0.01509, 0.01990, 0.00549, 0.00178, 0.00664, 0.00249, 0.00006, 0.00171, 0.00660, -0.00188, 0.01167, 0.00335, 0.00002 
90957.0, 2.19613, 0.17907, -9999.00000, 0.26950, 0.00001, -0.00089, 1.58733, -0.00019, 0.00709, -0.00119, 0.03619, 0.01074, -0.00116, -0.00350, 0.00163, -0.00026, -0.00004, 0.01630, -0.00254, 0.00360, 0.00654, -0.00002 
90958.0, 2.27520, 0.16955, -9999.00000, -0.01302, 0.00250, 0.02104, 1.58709, -0.00138, 0.00294, 0.00346, 0.01144, 0.00659, -0.00056, -0.00049, 0.00047, -0.00076, -0.00221, 0.00497, -0.00185, 0.01631, 0.00075, -0.00068 
90959.0, 2.69148, 0.17307, -9999.00000, 0.08552, -0.00172, -0.00562, 1.61179, 0.00093, -0.00306, 0.00298, 0.03161, 0.01021, 0.00331, -0.00215, 0.00146, -0.00111, -0.00221, 0.00098, 0.00192, 0.01897, -0.00014, 0.00010 
90960.0, 2.68050, 0.15671, -9999.00000, 0.08676, -0.00083, 0.00133, 1.56187, -0.00227, -0.00638, -0.00016, 0.04835, 0.00146, -0.00116, 0.00745, 0.00066, -0.00003, -0.00161, 0.00233, 0.00148, 0.01397, 0.00060, -0.00053 
90961.0, 2.93231, 0.18220, -9999.00000, 0.03547, -0.00039, 0.00915, 1.54080, -0.00253, -0.02033, 0.00835, 0.03334, 0.00278, 0.00014, -0.00030, 0.00354, -0.00158, 0.00253, 0.00039, 0.00134, 0.01023, -0.00042, 0.00138 
90962.0, 2.63151, 0.16484, -9999.00000, 0.24195, -0.00134, 0.00434, 1.48072, -0.00002, -0.00776, 0.00528, 0.02905, 0.00535, 0.00009, -0.00025, 0.00096, -0.00069, 0.00215, 0.00417, 0.00018, 0.01501, 0.00334, -0.00078 
90963.0, 2.26493, 0.18404, -9999.00000, 0.18885, 0.00060, -0.00523, 1.47030, -0.00265, -0.00421, 0.00269, 0.03199, 0.01058, 0.00075, 0.01167, -0.00056, -0.00161, -0.00110, 0.00422, -0.00029, 0.00803, -0.00184, -0.00104 
90964.0, 2.03189, 0.15037, -9999.00000, -0.09963, -0.00055, 0.02070, 1.32445, -0.00226, -0.01409, -0.00631, 0.04546, 0.00149, -0.00116, 0.00106, -0.00149, -0.00099, 0.00113, 0.00170, -0.00242, 0.00680, 0.00074, 0.00051 
90965.0, 1.94270, 0.16470, -9999.00000, 0.11831, -0.00027, -0.00510, 1.31369, -0.00296, 0.01168, 0.00064, 0.06167, 0.00528, 0.00475, -0.00042, -0.00025, -0.00137, 0.00085, 0.00559, -0.00101, 0.01052, -0.00037, 0.00041 
90966.0, 1.64846, 0.14077, -9999.00000, 0.24646, -0.00068, -0.00951, 1.28070, -0.00203, -0.00924, -0.00363, 0.00845, 0.00541, -0.00116, 0.00089, 0.00162, -0.00095, 0.00142, 0.00055, -0.00193, 0.00986, -0.00184, -0.00032 
90967.0, 1.83072, 0.15976, -9999.00000, 0.31953, -0.00021, -0.03368, 1.25005, -0.00263, -0.02156, -0.00418, 0.00185, 0.00011, 0.00140, -0.00223, -0.00179, -0.00004, -0.00221, 0.00475, -0.00172, 0.01006, -0.00045, -0.00093 
90968.0, -9999.00000, -9999.00000, -9999.00000, -9999.00000, -9999.00000, -9999.00000, -9999.00000, -9999.00000, -9999.00000, -9999.00000, -9999.00000, -9999.00000, -9999.00000, -9999.00000, -9999.00000, -9999.00000, -9999.00000, -9999.00000, -9999.00000, -9999.00000, -9999.00000, -9999.00000 
90969.0, -9999.00000, -9999.00000, -9999.00000, -9999.00000, -9999.00000, -9999.00000, -9999.00000, -9999.00000, -9999.00000, -9999.00000, -9999.00000, -9999.00000, -9999.00000, -9999.00000, -9999.00000, -9999.00000, -9999.00000, -9999.00000, -9999.00000, -9999.00000, -9999.00000, -9999.00000 
90970.0, -9999.00000, -9999.00000, -9999.00000, -9999.00000, -9999.00000, -9999.00000, -9999.00000, -9999.00000, -9999.00000, -9999.00000, -9999.00000, -9999.00000, -9999.00000, -9999.00000, -9999.00000, -9999.00000, -9999.00000, -9999.00000, -9999.00000, -9999.00000, -9999.00000, -9999.00000 
90971.0, -9999.00000, -9999.00000, -9999.00000, -9999.00000, -9999.00000, -9999.00000, -9999.00000, -9999.00000, -9999.00000, -9999.00000, -9999.00000, -9999.00000, -9999.00000, -9999.00000, -9999.00000, -9999.00000, -9999.00000, -9999.00000, -9999.00000, -9999.00000, -9999.00000, -9999.00000 
90972.0, -9999.00000, -9999.00000, -9999.00000, -9999.00000, -9999.00000, -9999.00000, -9999.00000, -9999.00000, -9999.00000, -9999.00000, -9999.00000, -9999.00000, -9999.00000, -9999.00000, -9999.00000, -9999.00000, -9999.00000, -9999.00000, -9999.00000, -9999.00000, -9999.00000, -9999.00000 
90973.0, -9999.00000, -9999.00000, -9999.00000, -9999.00000, -9999.00000, -9999.00000, -9999.00000, -9999.00000, -9999.00000, -9999.00000, -9999.00000, -9999.00000, -9999.00000, -9999.00000, -9999.00000, -9999.00000, -9999.00000, -9999.00000, -9999.00000, -9999.00000, -9999.00000, -9999.00000 
90974.0, -9999.00000, -9999.00000, -9999.00000, -9999.00000, -9999.00000, -9999.00000, -9999.00000, -9999.00000, -9999.00000, -9999.00000, -9999.00000, -9999.00000, -9999.00000, -9999.00000, -9999.00000, -9999.00000, -9999.00000, -9999.00000, -9999.00000, -9999.00000, -9999.00000, -9999.00000 
90975.0, -9999.00000, -9999.00000, -9999.00000, -9999.00000, -9999.00000, -9999.00000, -9999.00000, -9999.00000, -9999.00000, -9999.00000, -9999.00000, -9999.00000, -9999.00000, -9999.00000, -9999.00000, -9999.00000, -9999.00000, -9999.00000, -9999.00000, -9999.00000, -9999.00000, -9999.00000 
90976.0, -9999.00000, -9999.00000, -9999.00000, -9999.00000, -9999.00000, -9999.00000, -9999.00000, -9999.00000, -9999.00000, -9999.00000, -9999.00000, -9999.00000, -9999.00000, -9999.00000, -9999.00000, -9999.00000, -9999.00000, -9999.00000, -9999.00000, -9999.00000, -9999.00000, -9999.00000 
90977.0, -9999.00000, -9999.00000, -9999.00000, -9999.00000, -9999.00000, -9999.00000, -9999.00000, -9999.00000, -9999.00000, -9999.00000, -9999.00000, -9999.00000, -9999.00000, -9999.00000, -9999.00000, -9999.00000, -9999.00000, -9999.00000, -9999.00000, -9999.00000, -9999.00000, -9999.00000 
90978.0, -9999.00000, -9999.00000, -9999.00000, -9999.00000, -9999.00000, -9999.00000, -9999.00000, -9999.00000, -9999.00000, -9999.00000, -9999.00000, -9999.00000, -9999.00000, -9999.00000, -9999.00000, -9999.00000, -9999.00000, -9999.00000, -9999.00000, -9999.00000, -9999.00000, -9999.00000 
90979.0, -9999.00000, -9999.00000, -9999.00000, -9999.00000, -9999.00000, -9999.00000, -9999.00000, -9999.00000, -9999.00000, -9999.00000, -9999.00000, -9999.00000, -9999.00000, -9999.00000, -9999.00000, -9999.00000, -9999.00000, -9999.00000, -9999.00000, -9999.00000, -9999.00000, -9999.00000 
90980.0, -9999.00000, -9999.00000, -9999.00000, -9999.00000, -9999.00000, -9999.00000, -9999.00000, -9999.00000, -9999.00000, -9999.00000, -9999.00000, -9999.00000, -9999.00000, -9999.00000, -9999.00000, -9999.00000, -9999.00000, -9999.00000, -9999.00000, -9999.00000, -9999.00000, -9999.00000 
