src/spatiotemporal_analysis/AEROMMA_NOAAPTR_DC8_20230822.ict
59, 1001
Matthew Coggon, Kelvin Bates, Chelsea Stockwell, Lu Xu, Carsten Warneke
NOAA ESRL Chemical Sciences Division
NOAA PTR-ToF-MS
AEROMMA
1,1 
2023, 08, 22, 2024, 04, 03
0
Time_Start, seconds, number of seconds from 00:00 UTC 
22
1, 1, 1, 1, 1, 1, 1, 1, 1, 1, 1, 1, 1, 1, 1, 1, 1, 1, 1, 1, 1, 1
-9999, -9999, -9999, -9999, -9999, -9999, -9999, -9999, -9999, -9999, -9999, -9999, -9999, -9999, -9999, -9999, -9999, -9999, -9999, -9999, -9999, -9999
CH3OH_NOAAPTR_ppbv,  ppbv, Gas_CH3OH_InSitu_S_AVMR, (CH3OH) methanol
CH3CN_NOAAPTR_ppbv,  ppbv, Gas_CH3CN_InSitu_S_AVMR, (CH3CN) acetonitrile
CH3CHO_NOAAPTR_ppbv,  ppbv, Cas_CH3CHO_InSitu_S_AVMR, (CH3CHO) acetaldehyde. Interferences from ethanol and ethylene glycol have been subtracted (using NOAA LTOF data for ethylene glycol)
C2H5OH_NOAAPTR_ppbv,  ppbv, Gas_C2H5OH_InSitu_S_AVMR, (C2H5OH) ethanol
CH3SH_NOAAPTR_ppbv,  ppbv, Gas_CH3SH_InSitu_S_AVMR, (CH3SH) methanethiol, using calibration factor for DMS
Acrolein_NOAAPTR_ppbv,  ppbv, Gas_Acrolein_InSitu_S_AVMR, (C3H4O) acrolein
AcetonePropanal_NOAAPTR_ppbv,  ppbv, Gas_AcetoneAndPropanal_InSitu_S_AVMR, (C3H6O) sum of acetone (dominant isomer) and propanal, using calibration factor for acetone
DMS_NOAAPTR_ppbv,  ppbv, Gas_DMS_InSitu_S_AVMR, (C2H6S) dimethyl sulfide with possible small contributions from ethanethiol
C5H8_NOAAPTR_ppbv,  ppbv, Gas_Isoprene_InSitu_S_AVMR, (C5H8) isoprene and possible fragments from cycloalkanes and aldehydes. Interferences have been subtracted following methods described by Coggon et al (2023)
MVKMAC_NOAAPTR_ppbv,  ppbv, Gas_MVKAndMAC_InSitu_S_AVMR, (C4H6O) sum of methyl vinyl ketone, methacrolein, and small amounts of crotonaldehyde, using weighted calibration factor for MVK (0.637) and MACR (0.363)
Benzene_NOAAPTR_ppbv,  ppbv, Gas_Benzene_InSitu_S_AVMR, (C6H6) benzene
Toluene_NOAAPTR_ppbv,  ppbv, Gas_Toluene_InSitu_S_AVMR, (C7H8) toluene with possible small contributions of fragments from ethyltoluene
Styrene_NOAAPTR_ppbv,  ppbv, Gas_Styrene_InSitu_S_AVMR, (C8H8) styrene
Benzaldehyde_NOAAPTR_ppbv,  ppbv, Gas_Benzaldehyde_InSitu_S_AVMR, (C7H6O) benzaldehyde
C8Aromatics_NOAAPTR_ppbv,  ppbv, Gas_C8Aromatics_InSitu_M_AVMR, (C8H10) sum of m-xylene, p-xylene, o-xylene, and ethyl benzene
C9Aromatics_NOAAPTR_ppbv,  ppbv, Gas_C9Aromatics_InSitu_M_AVMR, (C9H12) sum of C9 aromatics
Naphthalene_NOAAPTR_ppbv,  ppbv, Gas_Naphthalene_InSitu_S_AVMR, (C10H8) naphthalene
Octanal_NOAAPTR_ppbv,  ppbv, Gas_Octanal_InSitu_S_AVMR, (C8H16O) octanal and small amounts of octanone
Monoterpenes_NOAAPTR_ppbv,  ppbv, Gas_Monoterpenes_InSitu_M_AVMR, (C10H16) sum of monoterpenes and possible contributions from fragments of oxygenated monoterpenoids such as eucalyptol.
Nonanal_NOAAPTR_ppbv,  ppbv, Gas_Nonanal_InSitu_M_AVMR, (C9H18O) nonanal and small amounts of nonanone
C7H4ClF3_NOAAPTR_ppbv,  ppbv, Gas_C7H4ClF3_InSitu_S_AVMR, (C7H4ClF3) parachlorobenzotrifluoride
C10H30O5Si5_NOAAPTR_ppbv,  ppbv, Gas_C10H30O5Si5_InSitu_S_AVMR, (C10H30O5Si5) decamethylcyclopentasiloxane
1
SPECIAL COMMENTS:N/A
22
PI_CONTACT_INFO: NOAA ESRL Chemical Sciences Division, Tropospheric Chemistry Group. 325 Broadway, R/CSD7, Boulder, CO 80305
PLATFORM: Mobile Laboratory.
LOCATION: Palmdale, CA or Dayton, OH
ASSOCIATED_DATA: N/A
INSTRUMENT_INFO: NOAA PTR-ToF-MS measurements on DC8 aircraft
[...]
PROJECT_INFO: AEROMMA Deployment June-August, 2023
STIPULATIONS_ON_USE: Use of these data require prior OK from PI.
OTHER_COMMENTS: Uncertainties (%): 1Hz LOD (ppbv)
CH3OH_NOAAPTR_ppbv:30%:0.55; CH3CN_NOAAPTR_ppbv:30%:0.009; CH3CHO_NOAAPTR_ppbv:30%:0.13; C2H5OH_NOAAPTR_ppbv:30%:0.28; CH3SH_NOAAPTR_ppbv:50%:0.003; Acrolein_NOAAPTR_ppbv:30%:0.04; AcetonePropanal_NOAAPTR_ppbv:30%:0.04; DMS_NOAAPTR_ppbv:30%:0.007; C5H8_NOAAPTR_ppbv:30%:0.018; MVKMAC_NOAAPTR_ppbv:30%:0.014; 
Benzene_NOAAPTR_ppbv:30%:0.038; Toluene_NOAAPTR_ppbv:30%:0.007; Styrene_NOAAPTR_ppbv:30%:0.003; Benzaldehyde_NOAAPTR_ppbv:30%:0.008; C8Aromatics_NOAAPTR_ppbv:30%:0.003; C9Aromatics_NOAAPTR_ppbv:30%:0.003; Naphthalene_NOAAPTR_ppbv:30%:0.005; Octanal_NOAAPTR_ppbv:30%:0.007; Monoterpenes_NOAAPTR_ppbv:30%:0.004; Nonanal_NOAAPTR_ppbv:30%:0.01; 
C7H4ClF3_NOAAPTR_ppbv:30%:0.004; C10H30O5Si5_NOAAPTR_ppbv:30%:0.002; 
REVISION: R1
R1: Added acetaldehyde and LOD for each species (see other comments)
R0: Calibrated PTR Data. See individual species comments for details about measurement uncertainties.
Time_Start, CH3OH_NOAAPTR_ppbv, CH3CN_NOAAPTR_ppbv, CH3CHO_NOAAPTR_ppbv, C2H5OH_NOAAPTR_ppbv, CH3SH_NOAAPTR_ppbv, Acrolein_NOAAPTR_ppbv, AcetonePropanal_NOAAPTR_ppbv, DMS_NOAAPTR_ppbv, C5H8_NOAAPTR_ppbv, MVKMAC_NOAAPTR_ppbv, Benzene_NOAAPTR_ppbv, Toluene_NOAAPTR_ppbv, Styrene_NOAAPTR_ppbv, Benzaldehyde_NOAAPTR_ppbv, C8Aromatics_NOAAPTR_ppbv, C9Aromatics_NOAAPTR_ppbv, Naphthalene_NOAAPTR_ppbv, Octanal_NOAAPTR_ppbv, Monoterpenes_NOAAPTR_ppbv, Nonanal_NOAAPTR_ppbv, C7H4ClF3_NOAAPTR_ppbv, C10H30O5Si5_NOAAPTR_ppbv
[from data line 11423]
85950.0, 11.05814, 0.11631, 0.91924, 3.49500, 0.00038, 0.08495, 2.32362, 0.01029, 0.04854, 0.06896, -0.00315, 0.00977, -0.00052, 0.00029, -0.00001, -0.00032, 0.00674, 0.01359, 0.00302, 0.01171, 0.00133, -0.00069 
85951.0, 9.70603, 0.12403, 0.78863, 4.25587, 0.00056, 0.04341, 2.28439, 0.00656, 0.03774, 0.05333, -0.01063, 0.01712, -0.00101, 0.00099, 0.00171, 0.00234, -0.00035, 0.00261, 0.00109, 0.01253, 0.00388, 0.00024 
85952.0, 9.37640, 0.12803, 0.64163, 3.85126, 0.00028, 0.05486, 2.16065, 0.00203, 0.04363, 0.04450, 0.00739, 0.00183, -0.00100, 0.00215, 0.00071, -0.00044, 0.00130, 0.00849, 0.00162, 0.01645, 0.00023, 0.00018 
85953.0, 9.44478, 0.13786, 0.71989, 3.84080, -0.00138, 0.04899, 2.18443, 0.00409, 0.03845, 0.04599, 0.00191, 0.00301, -0.00100, 0.00271, 0.00413, -0.00130, -0.00260, 0.00704, -0.00098, 0.01253, 0.00081, 0.00051 
85954.0, 9.24724, 0.11747, 0.77961, 3.98208, -0.00017, 0.08569, 2.19572, 0.00127, 0.01647, 0.04264, 0.02652, 0.00215, -0.00029, 0.00206, 0.00363, -0.00003, 0.00349, 0.00141, 0.00031, 0.00857, 0.00171, -0.00038 
85955.0, 10.02761, 0.11269, 0.77653, 3.92602, -0.00080, 0.09337, 2.15972, 0.00589, 0.02987, 0.04383, -0.01135, 0.00809, 0.00068, -0.00237, 0.00340, -0.00117, 0.00353, 0.01715, 0.00428, 0.00681, 0.00131, 0.00053 
85956.0, 9.22620, 0.11845, 0.78116, 3.75089, -0.00004, 0.04067, 2.23025, -0.00133, 0.03351, 0.05198, -0.01834, 0.01174, -0.00008, 0.00337, 0.00382, -0.00086, 0.00435, 0.01283, 0.00607, 0.00559, 0.00182, 0.00030 
85957.0, 10.42426, 0.11959, 0.94283, 3.63177, -0.00023, 0.04705, 2.31648, 0.00490, 0.02956, 0.05783, -0.01849, -0.00333, -0.00054, 0.00456, 0.00207, 0.00064, 0.00028, 0.00673, 0.00160, 0.00431, -0.00022, 0.00178 
85958.0, 10.02242, 0.12691, 0.98579, 4.05752, 0.00115, 0.06350, 2.27082, 0.00821, 0.01158, 0.05151, -0.00096, 0.00328, 0.00010, -0.00155, 0.00340, 0.00001, -0.00075, 0.02267, 0.00359, 0.01904, 0.00166, 0.00015 
85959.0, 10.50488, 0.11450, 0.96921, 4.23645, 0.00064, 0.07641, 2.29913, 0.00628, 0.02733, 0.07091, 0.00703, 0.00396, 0.00153, 0.00087, 0.00256, 0.00221, -0.00203, -0.00143, 0.00489, 0.01022, 0.00324, 0.00027 
85960.0, 9.61191, 0.11737, 0.95642, 4.88014, -0.00035, 0.06076, 2.41988, 0.01704, 0.04035, 0.06751, -0.00909, 0.00637, -0.00100, 0.00241, 0.00149, 0.00087, 0.00230, 0.00258, 0.00075, 0.02052, 0.00054, -0.00039 
85961.0, 10.66459, 0.11763, 0.82661, 4.52513, 0.00103, 0.10344, 2.38461, 0.00483, 0.03595, 0.05983, 0.00886, 0.00521, -0.00100, 0.00081, -0.00049, 0.00235, 0.00695, 0.02114, 0.00673, 0.01919, 0.00731, -0.00085 
85962.0, 11.31145, 0.12498, 0.95154, 4.79683, 0.00153, 0.07050, 2.37787, 0.00599, 0.01634, 0.06466, 0.00592, 0.00286, -0.00100, 0.00370, 0.00097, 0.00032, -0.00005, 0.00613, 0.00492, 0.02704, 0.00320, 0.00096 
85963.0, 11.47741, 0.11757, 1.00630, 5.94651, -0.00036, 0.09654, 2.38063, 0.00378, 0.00958, 0.07425, 0.00235, 0.01165, -0.00098, 0.00494, -0.00135, -0.00124, 0.00069, 0.00495, 0.00024, 0.00519, 0.00282, -0.00021 
85964.0, 10.02015, 0.11434, 1.05685, 5.71267, 0.00103, 0.07587, 2.40438, -0.00016, 0.03657, 0.06651, -0.01120, 0.00487, -0.00050, 0.00160, 0.00142, -0.00119, -0.00188, 0.01052, 0.00082, 0.02997, 0.00350, 0.00040 
85965.0, 10.82177, 0.11459, 1.10371, 6.51935, -0.00090, 0.03961, 2.43298, 0.00712, 0.04131, 0.07115, 0.01019, 0.01359, -0.00100, 0.00504, -0.00039, 0.00258, -0.00054, 0.00614, 0.00709, 0.00976, 0.00316, -0.00020 
85966.0, 11.02213, 0.12203, 1.32002, 8.03785, 0.00058, 0.05296, 2.43274, 0.00544, 0.01817, 0.07979, -0.00744, 0.00875, -0.00100, 0.00118, 0.00080, 0.00018, -0.00018, 0.00358, 0.00493, 0.00631, 0.00213, -0.00020 
85967.0, 12.41697, 0.12500, 1.15459, 7.00262, 0.00342, 0.05865, 2.40574, 0.00566, 0.05072, 0.06217, -0.02091, 0.00210, 0.00025, -0.00106, 0.00095, 0.00117, -0.00083, 0.01403, 0.00842, 0.02198, 0.00212, 0.00031 
85968.0, 11.76726, 0.12918, 1.04067, 5.65973, 0.00132, 0.03864, 2.38664, 0.00552, 0.02945, 0.07207, -0.01027, -0.00050, -0.00023, 0.00789, 0.00314, 0.00229, 0.00015, 0.00813, 0.00293, 0.01572, 0.00313, 0.00215 
85969.0, 10.94604, 0.10734, 0.94900, 5.48250, -0.00015, 0.05292, 2.27004, 0.00016, 0.05758, 0.08492, -0.01220, -0.00026, 0.00179, 0.00563, 0.00339, -0.00048, 0.00189, 0.01524, 0.00431, 0.01780, 0.00150, -0.00008 
85970.0, 11.07383, 0.13610, 1.09126, 4.71481, 0.00169, 0.09724, 2.40845, 0.00352, 0.06300, 0.08076, 0.02447, 0.00544, -0.00099, -0.00162, 0.00173, 0.00146, -0.00170, 0.01731, 0.00696, 0.01974, 0.00118, 0.00112 
85971.0, 11.05334, 0.12192, 1.14194, 4.97234, -0.00087, 0.09135, 2.39394, 0.00720, 0.03245, 0.07307, -0.00136, 0.00630, -0.00087, 0.00744, 0.00072, -0.00064, 0.00039, 0.00949, 0.00617, 0.02309, 0.00648, 0.00075 
85972.0, 12.02448, 0.12023, 1.12498, 5.92290, 0.00022, 0.06649, 2.50941, 0.00524, 0.02364, 0.07507, -0.00272, 0.01650, 0.00299, 0.00472, 0.00305, 0.00066, -0.00044, 0.01411, 0.00798, 0.01086, 0.00486, 0.00071 
85973.0, 12.17668, 0.12341, 1.13099, 5.12353, -0.00008, 0.06226, 2.46209, 0.00096, 0.03792, 0.08134, 0.01875, 0.00467, 0.00044, -0.00018, 0.00298, 0.00114, 0.00707, 0.01382, 0.00181, 0.01860, 0.00224, -0.00003 
85974.0, 11.09683, 0.11776, 0.91101, 5.07643, 0.00132, 0.04376, 2.36298, 0.00299, 0.03594, 0.06540, -0.01793, 0.00324, 0.00181, 0.01175, 0.00160, 0.00039, -0.00128, 0.01362, 0.01223, 0.02046, 0.00468, 0.00056 
85975.0, 11.57847, 0.11400, 1.07829, 5.08032, 0.00098, 0.07831, 2.44195, 0.00613, 0.04274, 0.08379, -0.01702, 0.00218, -0.00012, 0.00379, -0.00135, -0.00022, 0.00380, 0.00298, 0.00718, 0.01808, 0.00042, 0.00164 
85976.0, 11.83334, 0.11474, 0.95448, 4.37217, -0.00049, 0.06621, 2.30423, -0.00125, 0.02995, 0.07916, -0.01018, 0.00970, 0.00074, -0.00046, 0.00074, -0.00048, 0.00271, 0.00897, 0.00126, 0.01061, 0.00102, -0.00024 
85977.0, 12.11068, 0.11352, 1.09749, 5.18200, 0.00197, 0.07153, 2.28269, 0.00328, 0.03041, 0.08759, -0.01656, 0.01980, 0.00017, 0.00690, 0.00021, 0.00061, 0.00307, 0.01239, 0.00462, 0.01514, 0.00189, -0.00035 
85978.0, 11.22724, 0.13395, 1.02533, 4.86686, 0.00406, 0.08548, 2.37755, 0.00497, 0.04476, 0.06687, 0.02843, 0.00782, -0.00079, 0.00163, 0.00359, 0.00191, 0.00400, 0.00474, 0.00435, 0.02615, 0.00122, 0.00229 
85979.0, 10.28174, 0.12072, 1.11717, 4.78152, 0.00139, 0.07046, 2.29158, 0.00247, 0.07081, 0.07681, -0.00747, 0.00778, 0.00171, -0.00028, 0.00221, 0.00089, 0.00127, 0.01361, 0.00431, -0.00099, 0.00376, 0.00050 
85980.0, 10.47000, 0.12310, 0.85687, 3.56400, 0.00076, 0.08972, 2.26753, 0.01488, 0.05058, 0.08747, -0.01487, 0.01140, -0.00099, -0.00287, 0.00235, 0.00012, -0.00164, 0.01226, -0.00106, 0.00937, -0.00006, -0.00052 
85981.0, 9.60660, 0.12518, 0.83317, 3.92088, 0.00087, 0.07273, 2.26842, 0.01787, 0.03886, 0.08303, -0.00798, 0.00516, -0.00091, 0.00313, 0.00366, 0.00010, 0.00513, 0.00786, -0.00011, 0.01762, -0.00148, 0.00283 
85982.0, 9.68062, 0.12216, 0.79181, 4.01260, 0.00029, 0.06608, 2.19169, 0.00233, 0.01814, 0.07007, -0.01818, 0.01133, 0.00091, -0.00116, 0.00160, 0.00075, -0.00204, 0.01150, 0.00245, 0.01649, 0.00178, -0.00023 
85983.0, 9.94148, 0.11710, 0.89678, 4.05088, -0.00163, 0.06489, 2.18216, 0.00472, 0.01554, 0.06856, -0.01580, 0.01431, 0.00138, 0.00259, 0.00403, -0.00010, 0.00184, 0.01519, 0.00212, 0.01562, 0.00006, -0.00033 
85984.0, 8.81751, 0.11581, 0.66879, 3.47814, -0.00088, 0.07687, 2.25527, 0.00360, 0.03581, 0.06979, -0.00088, 0.00325, 0.00019, 0.00329, 0.00180, 0.00065, 0.00456, 0.01231, 0.00652, 0.01587, 0.00088, -0.00029 
85985.0, 10.01552, 0.12563, 0.96502, 3.84618, -0.00022, 0.07814, 2.30170, 0.00186, 0.05115, 0.10556, 0.00092, 0.01345, 0.00063, -0.00045, 0.00212, 0.00400, 0.00045, -0.00029, 0.00918, 0.01781, 0.00131, 0.00114 
85986.0, 10.73509, 0.12817, 0.95675, 4.90664, 0.00155, 0.08236, 2.28998, 0.00012, 0.05247, 0.11767, 0.02386, 0.00708, -0.00098, 0.00438, 0.00206, 0.00197, -0.00255, 0.00561, 0.01088, 0.00514, 0.00409, -0.00011 
85987.0, 10.87055, 0.12434, 0.87583, 4.55051, -0.00081, 0.06914, 2.39051, 0.00859, 0.05297, 0.09975, -0.01506, 0.00638, -0.00019, 0.00362, 0.00285, 0.00020, 0.00200, 0.01334, 0.00667, 0.01059, 0.00288, 0.00100 
85988.0, 9.94237, 0.12187, 0.98650, 4.60166, -0.00131, 0.06635, 2.31999, -0.00224, 0.04713, 0.11061, 0.00324, 0.01726, -0.00098, -0.00041, 0.00552, -0.00155, -0.00201, 0.00698, 0.00622, 0.02232, 0.00494, -0.00045 
85989.0, 10.94613, 0.14868, 0.88244, 4.48362, 0.00258, 0.07148, 2.29445, -0.00055, 0.04596, 0.10578, 0.00077, 0.01189, -0.00098, -0.00220, 0.00270, 0.00094, 0.00063, 0.00566, 0.01024, 0.02549, 0.00266, 0.00006 
85990.0, 11.22278, 0.13147, 0.94499, 4.19064, 0.00062, 0.05366, 2.31298, 0.00295, 0.05021, 0.09364, 0.00647, 0.00825, 0.00021, 0.00607, 0.00636, 0.00192, 0.00428, 0.00575, 0.00714, 0.01052, 0.00409, 0.00354 
85991.0, 10.40756, 0.12592, 0.97618, 4.19011, 0.00002, 0.06956, 2.38594, 0.00080, 0.03993, 0.10072, -0.00736, 0.01061, -0.00096, 0.00443, 0.00722, 0.00265, 0.00344, 0.01103, 0.00900, 0.00449, -0.00095, 0.00006 
85992.0, 9.96130, 0.12219, 1.01064, 4.71272, 0.00231, 0.07334, 2.41429, 0.01317, 0.12004, 0.11661, -0.02094, 0.00541, 0.00046, 0.01019, 0.00410, 0.00330, 0.00114, 0.01189, 0.01557, 0.02114, 0.00560, 0.00054 
85993.0, 11.08209, 0.11557, 0.93152, 4.16403, 0.00169, 0.07429, 2.38685, 0.00620, 0.06127, 0.09015, -0.00626, 0.01131, -0.00001, -0.00148, 0.00474, 0.00327, -0.00225, 0.01116, 0.00429, 0.01453, 0.00328, -0.00036 
85994.0, 9.57088, 0.11031, 0.80562, 3.77593, 0.00061, 0.09257, 2.33549, 0.00642, 0.04049, 0.09103, -0.01326, 0.00755, -0.00098, 0.00119, 0.00310, 0.00428, 0.00413, 0.00728, 0.01176, 0.01597, 0.00171, 0.00096 
85995.0, 10.27798, 0.15552, 0.88085, 4.11283, -0.00003, 0.03265, 2.33721, 0.00812, 0.03838, 0.09671, 0.01547, 0.02146, -0.00098, 0.00441, 0.00873, 0.00148, 0.00248, 0.01295, 0.00400, 0.01476, 0.00427, 0.00252 
85996.0, 11.14357, 0.11618, 0.94762, 3.67703, -0.00093, 0.04707, 2.31080, 0.00885, 0.04674, 0.11108, -0.02094, 0.00812, -0.00098, -0.00078, 0.00644, 0.00057, -0.00106, 0.00902, 0.00527, 0.00388, 0.00269, 0.00095 
85997.0, 9.96287, 0.12545, 0.84975, 3.14186, 0.00213, 0.06064, 2.27153, 0.00074, 0.04689, 0.08108, -0.02089, 0.01266, -0.00098, -0.00063, 0.00482, 0.00192, 0.00556, -0.00016, 0.00720, 0.01261, 0.00123, 0.00064 
85998.0, 9.79362, 0.11838, 0.89962, 3.51637, 0.00087, 0.04558, 2.37595, 0.01019, 0.03761, 0.08962, -0.01615, -0.00153, 0.00717, 0.00828, 0.00298, 0.00249, 0.00607, 0.01024, 0.00517, 0.01161, 0.00328, -0.00025 
85999.0, 10.10132, 0.11435, 0.79118, 4.12649, 0.00232, 0.07046, 2.33617, 0.00295, 0.03573, 0.10064, 0.01809, 0.00921, 0.00251, 0.00352, -0.00101, 0.00179, -0.00253, 0.00754, 0.00496, 0.00764, 0.00296, -0.00040 
86000.0, 9.90523, 0.13118, 0.73545, 4.01319, -0.00086, 0.04693, 2.34040, 0.00520, 0.02997, 0.09960, 0.01007, 0.02270, -0.00051, 0.00458, 0.00425, 0.00094, -0.00178, 0.00339, 0.00610, 0.00565, 0.00392, 0.00001 
86001.0, 10.14895, 0.10926, 0.83904, 3.43478, 0.00077, 0.09531, 2.31835, 0.00237, 0.04891, 0.08210, 0.02879, 0.02123, -0.00097, 0.00550, 0.00540, 0.00327, 0.00234, 0.01044, 0.00703, 0.01608, 0.00363, -0.00030 
86002.0, 10.80396, 0.12796, 0.72184, 3.75488, -0.00039, 0.11246, 2.30994, 0.01438, 0.04567, 0.08699, -0.00534, 0.00841, -0.00042, -0.00135, 0.00599, 0.00220, 0.00404, 0.00978, 0.00726, 0.02574, 0.00397, 0.00078 
86003.0, 11.05850, 0.12018, 0.83683, 2.67491, 0.00486, 0.07745, 2.29555, 0.00357, 0.04084, 0.07833, 0.00380, 0.01494, -0.00028, 0.00537, 0.00163, -0.00002, 0.00091, 0.00675, 0.00751, 0.02445, 0.00053, 0.00093 
86004.0, 10.07274, 0.12353, 0.79993, 2.94441, -0.00112, 0.10539, 2.27704, 0.01336, 0.02827, 0.07360, -0.01399, 0.01516, -0.00097, 0.00220, 0.00042, 0.00115, -0.00252, 0.00440, -0.00163, 0.01265, -0.00095, 0.00183 
86005.0, 10.23400, 0.13157, 0.78532, 3.24274, 0.00075, 0.08930, 2.26341, 0.01257, 0.03914, 0.07314, 0.02611, 0.00141, -0.00097, -0.00105, 0.00214, 0.00098, -0.00201, 0.00628, 0.00693, 0.00497, -0.00073, -0.00037 
86006.0, 10.72284, 0.13007, 0.67232, 3.54693, 0.00416, 0.07642, 2.30147, 0.00326, 0.02642, 0.06085, -0.01756, 0.00552, -0.00016, 0.00001, 0.00498, 0.00085, 0.00005, 0.00714, 0.00084, 0.01197, 0.00356, 0.00206 
86007.0, 10.82926, 0.11048, 0.70348, 3.14508, 0.00017, 0.07494, 2.29746, 0.00480, 0.03184, 0.06560, -0.00617, 0.01959, -0.00022, 0.00321, 0.00037, -0.00001, -0.00174, 0.00257, 0.00196, 0.01803, 0.00452, -0.00046 
86008.0, 10.24014, 0.11443, 0.83221, 3.15217, 0.00114, 0.05332, 2.26116, 0.00197, 0.04237, 0.06734, -0.00952, 0.00733, 0.00159, 0.00389, 0.00280, 0.00040, 0.00218, 0.00249, 0.00063, 0.00640, 0.00128, -0.00005 
86009.0, 9.11552, 0.12152, 0.77437, 3.63111, -0.00007, 0.06497, 2.30036, 0.00039, 0.01296, 0.06054, -0.00728, 0.01752, 0.00161, 0.00352, 0.00134, 0.00007, 0.00328, 0.00579, 0.00450, 0.02805, 0.00396, 0.00043 
86010.0, 9.86075, 0.10687, 0.70050, 3.50979, 0.00143, 0.03669, 2.33006, 0.00367, 0.02651, 0.05719, 0.01430, 0.01128, 0.00103, 0.00357, 0.00625, -0.00016, 0.00033, 0.00889, 0.00330, 0.02078, 0.01064, 0.00139 
86011.0, 8.84299, 0.11153, 0.71640, 2.91586, 0.00154, 0.05076, 2.21064, 0.00389, 0.02522, 0.06142, -0.00309, -0.00001, -0.00070, -0.00093, 0.00524, 0.00174, 0.00391, 0.00853, 0.00122, 0.01897, 0.00057, 0.00066 
86012.0, 9.67339, 0.12958, 0.62889, 2.97307, -0.00142, 0.05870, 2.15944, 0.01005, 0.03211, 0.05375, -0.00121, -0.00080, 0.00094, 0.00862, 0.00522, 0.00041, 0.00168, 0.00663, -0.00006, 0.01347, 0.00144, 0.00170 
86013.0, 8.55664, 0.12735, 0.66010, 2.58386, 0.00012, 0.06322, 2.14950, 0.00629, 0.03100, 0.06278, 0.00407, 0.01554, -0.00097, 0.00783, 0.00103, 0.00077, -0.00103, 0.00492, -0.00044, 0.00971, 0.00107, 0.00027 
86014.0, 10.68960, 0.12751, 0.76997, 3.50595, -0.00042, 0.07041, 2.21519, 0.01466, 0.08520, 0.08920, -0.00878, 0.00758, -0.00037, 0.00287, 0.00389, 0.00190, 0.00434, 0.00929, 0.00597, 0.01829, 0.00231, 0.00107 
86015.0, 10.73211, 0.11529, 0.70986, 3.55403, 0.00012, 0.04922, 2.20520, 0.00255, 0.03669, 0.07177, -0.00840, 0.00739, 0.00336, 0.00635, 0.00547, -0.00021, -0.00104, 0.01154, 0.00211, 0.01444, 0.00331, 0.00303 
86016.0, 10.40846, 0.11716, 0.73604, 3.27426, -0.00122, 0.04647, 2.23228, 0.00202, 0.04537, 0.07520, 0.00074, 0.00898, 0.00013, 0.00580, 0.00307, 0.00232, -0.00028, 0.00884, -0.00073, 0.01928, 0.00634, 0.00061 
86017.0, 11.05179, 0.11977, 0.82894, 3.47454, -0.00009, 0.05457, 2.28369, 0.00619, 0.04519, 0.08358, 0.00041, 0.01782, -0.00096, -0.00136, 0.00142, 0.00230, -0.00250, 0.00610, 0.00331, 0.02418, 0.00251, 0.00357 
86018.0, 9.97417, 0.12900, 0.78161, 3.50876, 0.00050, 0.07240, 2.38810, 0.00879, 0.07089, 0.06870, 0.02498, 0.00390, 0.00013, -0.00088, 0.00242, -0.00147, 0.00632, -0.00211, 0.00183, 0.01703, 0.00438, -0.00036 
86019.0, 10.01110, 0.12637, 0.76691, 3.47630, 0.00192, 0.08123, 2.30455, -0.00083, 0.03793, 0.07262, -0.01089, 0.02093, -0.00096, -0.00279, 0.00257, -0.00048, 0.00714, 0.00989, 0.00355, 0.02361, 0.00206, 0.00002 
86020.0, 10.37112, 0.11392, 0.89981, 3.80522, 0.00018, 0.05653, 2.33196, 0.00154, 0.02069, 0.06667, 0.01561, 0.00395, -0.00096, -0.00228, 0.00105, 0.00010, -0.00034, 0.00782, 0.00267, 0.00793, 0.00235, 0.00049 
86021.0, 10.15822, 0.11683, 0.83219, 4.62907, -0.00098, 0.08169, 2.31451, 0.01749, 0.03955, 0.08369, -0.00385, 0.00288, -0.00096, 0.00517, 0.00123, 0.00113, 0.00415, 0.01595, 0.00229, 0.01308, 0.00094, 0.00032 
86022.0, 10.64193, 0.11405, 0.82369, 4.24987, 0.00156, 0.06215, 2.29073, 0.00643, 0.02585, 0.07575, 0.02815, 0.00633, -0.00038, -0.00146, -0.00005, 0.00021, 0.00436, 0.00457, 0.00399, 0.00574, 0.00531, -0.00109 
86023.0, 9.94862, 0.14791, 0.80692, 3.76911, 0.00304, 0.03913, 2.29250, 0.01001, 0.04294, 0.07457, -0.01384, 0.01555, -0.00096, 0.00350, 0.00077, 0.00116, 0.00181, 0.01103, 0.00182, 0.00862, -0.00084, 0.00114 
86024.0, 10.05345, 0.10528, 0.86611, 4.10359, -0.00150, 0.05906, 2.34195, 0.01086, 0.01468, 0.07574, 0.03225, 0.00139, -0.00096, 0.00236, -0.00048, -0.00078, -0.00074, 0.00671, 0.00257, 0.02236, 0.00233, 0.00195 
