src/spatiotemporal_analysis/AEROMMA_MetNav_DC8_20230822.ict
77, 1001
Project Office
National Suborbital Research Center [Bay Area Environmental Research Institute @ NASA Ames Research Center]
N817NA Meteorological and Navigation Facility Instrumentation
AEROMMA
1,1
2023,08,22,2024,06,13
1
Time_Start, seconds (from midnight UTC)
35
1,1,1,1,1,1,1,1,1,1,1,1,1,1,1,1,1,1,1,1,1,1,1,1,1,1,1,1,1,1,1,1,1,1,1
-9999,-9999,-9999,-9999,-9999,-9999,-9999,-9999,-9999,-9999,-9999,-9999,-9999,-9999,-9999,-9999,-9999,-9999,-9999,-9999,-9999,-9999,-9999,-9999,-9999,-9999,-9999,-9999,-9999,-9999,-9999,-9999,-9999,-9999,-9999
Day_Of_Year, day, None, calendar day beginning January 1
Latitude, deg, Platform_Latitude_InSitu_None
Longitude, deg, Platform_Longitude_InSitu_None
MSL_GPS_Altitude, m, Platform_AltitudeMSL_InSitu_None
HAE_GPS_Altitude, m, Platform_AltitudeEllipsoid_InSitu_None, reference WGS-84
Pressure_Altitude, ft, Platform_AltitudePressure_InSitu_None
Radar_Altitude, ft, Platform_AltitudeAGL_InSitu_None
Ground_Speed, m/s, Platform_GroundSpeed_InSitu_None
True_Air_Speed, kts, Platform_AircraftTrueAirSpeed_InSitu_None
Indicated_Air_Speed, kts, Platform_AircraftIndicatedAirSpeed_InSitu_None
Mach_Number, mach, None
Vertical_Speed, m/s, None
True_Heading, deg 0-360, Platform_HeadingTrue_InSitu_None, cw from +y
Track_Angle, deg 0-360, Platform_TrackAngle_InSitu_None, cw from +y
Drift_Angle, deg +-180, Platform_DriftAngle_InSitu_None, cw from +y
Pitch_Angle, deg +-180, Platform_PitchAngle_InSitu_None, up+
Roll_Angle, deg +-180, Platform_RollAngle_InSitu_None, rt+
Static_Air_Temp, degrees Celcius, Met_StaticAirTemperature_InSitu_None
Potential_Temp, Kelvin, Met_PotentialTemperature_InSitu_None
DewFrost_Point, degrees Celcius, Met_DewPoint_InSitu_None
Total_Air_Temp, degrees Celcius, None
IR_Surf_Temp, degrees Celcius, Met_SufaceTemperature_InSitu_None
Static_Pressure, hPa, Met_StaticPressure_InSitu_None
Cabin_Pressure, hPa, None
Wind_Speed, m/s, Met_WindSpeed_InSitu_None, limited to where Roll_Angle does not exceed 5 degrees
Wind_Direction, deg 0-360 cw from +y, Met_WindDirection_InSitu_None, limited to where Roll_Angle does not exceed 5 degrees
Solar_Zenith_Angle, deg, Platform_SolarZenithAngle_InSitu_None
Aircraft_Sun_Elevation, deg, None
Sun_Azimuth, deg, Platform_SolarAzimuthAngle_InSitu_None
Aircraft_Sun_Azimuth, deg, None
Mixing_Ratio, g/kg, Met_H2OMR_InSitu_None
Part_Press_Water_Vapor, hPa, Met_PartialPressureH2O_InSitu_None
Sat_Vapor_Press_H2O, hPa, Met_SatVaporPressureH2OWater_InSitu_None
Sat_Vapor_Press_Ice, hPa, Met_SatVaporPressureH2OIce_InSitu_None
Relative_Humidity, percent, Met_RelativeHumidityWater_InSitu_None
0
28
PI_CONTACT_INFO: NSRC MetNav PI - Ryan Bennett - joseph.r.bennett@nasa.gov & r.bennett@baeri.org.
Platform: NASA DC-8 N817NA
LOCATION: Included in data records
ASSOCIATED_DATA: This flight represents the AEROMMA project research flight out of Palmdale, CA (West Coast Urban - Central Valley)
INSTRUMENT_INFO: 
	Position, attitude, ground speed, and vertical speed from UNS-1Fw FMS
	Wind_Speed and Wind_Direction calculated from UNS-1Fw FMS, Aircraft Data System-85
	Radar_Altitude from APN-232
	Total_Air_Temperature from Rosemount 102 type deiced
	IR_Surface_Temp from KT-19.85
    Cabin_Pressure from MKS Baratron 220D
	DewFrost_Point and calculated water vapor parameters from Buck Hygrometer
[...]
ULOD_FLAG:-7777
ULOD_VALUE:366,90,180,N/A,N/A,57343,65000,N/A,600,510,0.99,104.04,360,360,180,180,180,60,N/A,90,99,200,N/A,1333.22,N/A,360,N/A,N/A,N/A,N/A,N/A,N/A,N/A,N/A,N/A
LLOD_FLAG:-8888
LLOD_VALUE:0,-90,-180,N/A,N/A,-1871,0,0,0,0,0,-104.04,0,0,-180,-180,-180,-99,N/A,-60,-60,-50,N/A,0.66,0,0,N/A,N/A,N/A,N/A,N/A,N/A,N/A,N/A,N/A
DM_CONTACT_INFO: Ryan Bennett - joseph.r.bennett@nasa.gov & r.bennett@baeri.org.
PROJECT_INFO: N/A
STIPULATIONS_ON_USE: Please first contact the PI/data manager with questions before use.
OTHER_COMMENTS: Wind Speed and Wind Direction flagged where Roll_Angle exceeds 5 degrees. 
REVISION: R1
R1: Adjusted start and stop time to match previously defined start/end of flight. NO CHANGE TO DATA.
R0: Preliminary public release data; no updates anticipated. This replaces the previous RA (reduced MetNav) file.
RA: 'Reduced' preliminary data
Time_Start,Day_Of_Year,Latitude,Longitude,MSL_GPS_Altitude,HAE_GPS_Altitude,Pressure_Altitude,Radar_Altitude,Ground_Speed,True_Air_Speed,Indicated_Air_Speed,Mach_Number,Vertical_Speed,True_Heading,Track_Angle,Drift_Angle,Pitch_Angle,Roll_Angle,Static_Air_Temp,Potential_Temp,DewFrost_Point,Total_Air_Temp,IR_Surf_Temp,Static_Pressure,Cabin_Pressure,Wind_Speed,Wind_Direction,Solar_Zenith_Angle,Aircraft_Sun_Elevation,Sun_Azimuth,Aircraft_Sun_Azimuth,Mixing_Ratio,Part_Press_Water_Vapor,Sat_Vapor_Press_H2O,Sat_Vapor_Press_Ice,Relative_Humidity
[from data line 17429]
91956,234,34.7976494,-117.8863907,1243,-9999,3913,1749.5,103.50,101.80,182.50,0.295,3.9,199.73,201.70,1.7,4.98,-1.05,23.00,307.4,-8888,28.0,26.0,877.90,936.1,3.9,85.0,78.7,8.9,-83.7,76.0,-9999,-9999,28.37,35.40,-9999
91957,234,34.7967911,-117.8867340,1248,-9999,3926,1767.0,103.70,101.80,182.50,0.295,4.0,199.62,201.50,1.8,4.84,-0.55,23.00,307.4,-8888,28.0,25.9,877.50,935.9,3.9,81.2,78.7,9.4,-83.7,76.1,-9999,-9999,28.37,35.40,-9999
91958,234,34.7959328,-117.8872490,1253,-9999,3940,1780.0,104.00,102.10,183.00,0.296,4.1,199.61,201.30,1.7,4.79,0.08,23.00,307.5,-8888,28.0,25.8,877.10,935.8,3.6,78.4,78.7,10.0,-83.7,76.0,-9999,-9999,28.37,35.40,-9999
91959,234,34.7950745,-117.8875923,1257,-9999,3954,1796.0,104.40,102.30,183.20,0.296,4.1,199.60,201.20,1.6,4.66,0.73,23.00,307.5,-8888,28.0,25.7,876.60,935.8,3.6,74.4,78.7,10.7,-83.7,76.0,-9999,-9999,28.37,35.40,-9999
91960,234,34.7942162,-117.8879356,1261,-9999,3968,1812.0,104.80,102.70,183.90,0.297,4.1,199.48,201.10,1.5,4.16,1.01,22.80,307.4,-8888,28.0,25.6,876.10,936.0,3.6,74.7,78.7,11.1,-83.7,76.1,-9999,-9999,28.03,34.91,-9999
91961,234,34.7931862,-117.8884506,1265,-9999,3980,1821.5,105.00,102.80,184.10,0.298,4.1,199.26,201.00,1.5,3.32,0.85,22.80,307.4,-8888,28.0,25.5,875.80,935.8,3.8,75.2,78.7,11.1,-83.7,76.5,-9999,-9999,28.03,34.91,-9999
91962,234,34.7923279,-117.8887939,1268,-9999,3990,1829.0,105.10,103.00,184.40,0.298,3.7,199.09,200.90,1.7,2.64,0.63,22.80,307.4,-8888,28.0,25.5,875.40,935.9,3.9,77.4,78.7,11.1,-83.7,76.9,-9999,-9999,28.03,34.91,-9999
91963,234,34.7914696,-117.8891373,1269,-9999,3999,1831.0,105.30,102.90,184.20,0.298,3.3,198.87,200.90,1.8,2.19,0.45,22.80,307.5,-8888,28.0,25.5,875.10,936.0,4.4,76.8,78.7,11.0,-83.7,77.2,-9999,-9999,28.03,34.91,-9999
91964,234,34.7906113,-117.8896523,1270,-9999,4004,1838.0,105.50,103.40,185.10,0.300,2.7,198.81,200.80,2.0,1.43,0.33,22.80,307.5,-8888,28.0,25.5,875.00,936.0,4.2,79.7,78.7,11.1,-83.6,77.4,-9999,-9999,28.03,34.91,-9999
91965,234,34.7897530,-117.8899956,1270,-9999,4006,1834.0,106.00,103.80,185.80,0.301,1.9,198.89,200.70,1.9,1.14,0.58,22.80,307.5,-8888,28.0,25.5,874.90,936.2,4.0,76.2,78.7,11.4,-83.6,77.4,-9999,-9999,28.03,34.91,-9999
91966,234,34.7887230,-117.8905106,1270,-9999,4005,1831.5,106.50,104.70,187.40,0.303,1.0,199.00,200.60,1.7,1.10,1.91,22.50,307.2,-8888,28.0,25.4,874.90,935.9,3.5,78.4,78.7,12.7,-83.6,77.2,-9999,-9999,27.52,34.19,-9999
91967,234,34.7878647,-117.8908539,1269,-9999,4003,1821.0,107.10,104.70,187.40,0.304,0.2,199.09,200.50,1.5,1.17,5.73,22.50,307.2,-8888,28.0,25.3,875.00,935.9,-9999,-9999,78.7,16.4,-83.6,76.8,-9999,-9999,27.52,34.19,-9999
91968,234,34.7870064,-117.8911972,1268,-9999,4000,1817.0,107.60,105.60,188.90,0.306,-0.2,198.95,200.60,1.5,1.25,9.81,22.50,307.1,-8888,28.0,25.3,875.10,936.1,-9999,-9999,78.7,20.3,-83.6,76.5,-9999,-9999,27.52,34.19,-9999
91969,234,34.7861481,-117.8917122,1266,-9999,3996,1810.0,108.10,106.10,189.90,0.308,-0.7,198.88,201.00,2.1,1.35,11.44,22.50,307.1,-8888,28.0,25.4,875.20,935.9,-9999,-9999,78.7,21.9,-83.6,76.4,-9999,-9999,27.52,34.19,-9999
91970,234,34.7851181,-117.8920555,1264,-9999,3991,1803.0,108.70,106.50,190.60,0.309,-1.1,199.25,201.60,2.7,1.21,11.95,22.50,307.1,-8888,28.2,25.5,875.40,936.0,-9999,-9999,78.7,22.4,-83.6,76.0,-9999,-9999,27.52,34.19,-9999
91971,234,34.7842598,-117.8925705,1262,-9999,3985,1792.0,108.90,106.30,190.30,0.308,-1.3,200.11,202.30,3.0,0.99,11.37,22.50,307.1,-8888,28.2,25.6,875.60,936.1,-9999,-9999,78.7,21.8,-83.6,75.2,-9999,-9999,27.52,34.19,-9999
91972,234,34.7834015,-117.8930855,1260,-9999,3976,1786.0,109.10,105.90,189.70,0.307,-1.7,201.36,203.10,2.9,1.24,10.61,22.80,307.4,-8888,28.2,25.7,875.90,936.2,-9999,-9999,78.7,20.9,-83.6,73.9,-9999,-9999,28.03,34.91,-9999
91973,234,34.7823715,-117.8936005,1258,-9999,3969,1772.5,109.10,105.90,189.60,0.307,-2.1,202.75,203.80,2.4,1.68,10.08,22.80,307.4,-8888,28.2,25.8,876.10,936.2,-9999,-9999,78.8,20.2,-83.6,72.4,-9999,-9999,28.03,34.91,-9999
91974,234,34.7815132,-117.8941154,1256,-9999,3961,1765.5,109.20,105.90,189.60,0.307,-2.2,204.05,204.60,1.8,1.94,10.22,22.80,307.3,-8888,28.2,25.8,876.40,936.0,-9999,-9999,78.8,20.1,-83.6,70.9,-9999,-9999,28.03,34.91,-9999
91975,234,34.7806549,-117.8946304,1254,-9999,3956,1754.0,109.10,106.00,189.90,0.307,-2.0,205.22,205.40,1.2,2.21,10.07,22.80,307.3,-8888,28.2,25.8,876.50,936.4,-9999,-9999,78.8,19.8,-83.6,69.6,-9999,-9999,28.03,34.91,-9999
91976,234,34.7797966,-117.8951454,1254,-9999,3952,1753.5,109.00,105.70,189.30,0.306,-1.7,206.19,206.20,0.9,2.43,9.74,22.80,307.3,-8888,28.2,25.8,876.70,936.1,-9999,-9999,78.8,19.3,-83.6,68.6,-9999,-9999,28.03,34.91,-9999
91977,234,34.7789383,-117.8956604,1253,-9999,3950,1751.0,108.80,105.50,188.80,0.306,-1.3,207.13,207.00,0.7,2.45,9.75,22.80,307.3,-8888,28.2,25.9,876.70,936.3,-9999,-9999,78.8,19.2,-83.6,67.6,-9999,-9999,28.03,34.91,-9999
91978,234,34.7780800,-117.8961754,1253,-9999,3947,1754.5,108.70,105.20,188.40,0.305,-1.1,207.99,207.80,0.6,2.51,10.14,22.80,307.3,-8888,28.2,25.9,876.80,935.9,-9999,-9999,78.8,19.5,-83.6,66.7,-9999,-9999,28.03,34.91,-9999
91979,234,34.7772217,-117.8968620,1252,-9999,3946,1753.0,108.30,104.80,187.70,0.304,-0.7,208.84,208.60,0.5,2.59,10.21,22.80,307.3,-8888,28.2,25.9,876.90,935.7,-9999,-9999,78.8,19.4,-83.6,65.7,-9999,-9999,28.03,34.91,-9999
91980,234,34.7763634,-117.8973770,1252,-9999,3946,1751.5,107.90,104.60,187.40,0.303,-0.4,209.66,209.40,0.5,2.63,9.98,23.00,307.5,-8888,28.2,26.0,876.90,936.0,-9999,-9999,78.8,19.1,-83.6,64.9,-9999,-9999,28.37,35.40,-9999
91981,234,34.7755051,-117.8980637,1252,-9999,3946,1750.0,107.60,104.40,187.00,0.303,-0.2,210.53,210.20,0.5,2.68,10.54,22.80,307.3,-8888,28.2,26.0,876.90,936.0,-9999,-9999,78.8,19.5,-83.6,63.9,-9999,-9999,28.03,34.91,-9999
91982,234,34.7746468,-117.8985786,1252,-9999,3947,1745.0,107.30,104.50,187.20,0.303,0.0,211.35,211.00,0.4,2.64,11.01,22.80,307.3,-8888,28.2,26.0,876.80,935.9,-9999,-9999,78.8,19.8,-83.6,63.0,-9999,-9999,28.03,34.91,-9999
91983,234,34.7739601,-117.8992653,1253,-9999,3947,1747.5,106.90,104.00,186.20,0.301,0.0,212.22,211.90,0.4,2.63,11.06,22.80,307.3,-8888,28.2,26.0,876.80,935.9,-9999,-9999,78.8,19.7,-83.6,62.1,-9999,-9999,28.03,34.91,-9999
91984,234,34.7731018,-117.8999519,1253,-9999,3948,1745.0,106.70,103.80,185.90,0.301,0.1,213.20,212.80,0.5,2.57,11.44,22.80,307.3,-8888,28.2,26.2,876.80,936.1,-9999,-9999,78.8,20.0,-83.6,61.0,-9999,-9999,28.03,34.91,-9999
91985,234,34.7722435,-117.9004669,1253,-9999,3948,1746.5,106.60,103.90,186.20,0.301,0.1,214.18,213.70,0.4,2.50,11.44,22.80,307.3,-8888,28.2,26.1,876.80,935.8,-9999,-9999,78.8,19.9,-83.6,60.0,-9999,-9999,28.03,34.91,-9999
91986,234,34.7715569,-117.9011536,1252,-9999,3948,1742.0,106.40,104.10,186.60,0.302,0.0,215.21,214.50,0.3,2.57,11.53,22.80,307.3,-8888,28.2,25.9,876.80,935.8,-9999,-9999,78.8,19.7,-83.6,58.9,-9999,-9999,28.03,34.91,-9999
91987,234,34.7706985,-117.9018402,1252,-9999,3947,1738.5,106.30,103.90,186.10,0.301,0.0,216.25,215.40,0.1,2.61,11.25,22.80,307.3,-8888,28.2,26.0,876.80,935.8,-9999,-9999,78.8,19.3,-83.6,57.9,-9999,-9999,28.03,34.91,-9999
91988,234,34.7700119,-117.9026985,1251,-9999,3946,1733.5,106.30,104.10,186.50,0.302,-0.1,217.38,216.40,0.0,2.60,11.03,22.80,307.3,-8888,28.2,26.1,876.90,935.8,-9999,-9999,78.8,19.0,-83.6,56.8,-9999,-9999,28.03,34.91,-9999
91989,234,34.7691536,-117.9033852,1251,-9999,3945,1732.5,106.20,103.90,186.20,0.301,-0.2,218.49,217.30,-0.2,2.68,11.44,22.80,307.3,-8888,28.2,26.4,876.90,935.5,-9999,-9999,78.8,19.1,-83.6,55.5,-9999,-9999,28.03,34.91,-9999
91990,234,34.7684669,-117.9040718,1250,-9999,3943,1732.5,106.20,103.80,185.90,0.301,-0.3,219.45,218.20,-0.4,2.76,12.20,22.80,307.3,-8888,28.2,26.6,877.00,935.7,-9999,-9999,78.8,19.6,-83.6,54.3,-9999,-9999,28.03,34.91,-9999
91991,234,34.7677803,-117.9047585,1250,-9999,3943,1733.5,106.10,103.80,186.00,0.301,-0.2,220.30,219.20,-0.3,2.75,11.97,22.80,307.3,-8888,28.2,26.7,877.00,935.9,-9999,-9999,78.8,19.2,-83.6,53.5,-9999,-9999,28.03,34.91,-9999
91992,234,34.7670937,-117.9056168,1250,-9999,3942,1733.5,106.00,103.90,186.20,0.301,-0.2,221.23,220.30,-0.1,2.78,11.58,22.80,307.3,-8888,28.2,26.7,877.00,935.9,-9999,-9999,78.8,18.8,-83.6,52.7,-9999,-9999,28.03,34.91,-9999
91993,234,34.7662354,-117.9063034,1249,-9999,3942,1730.5,106.00,104.00,186.40,0.302,-0.2,222.29,221.30,0.0,2.80,11.02,22.80,307.3,-8888,28.2,26.6,877.00,936.0,-9999,-9999,78.8,18.1,-83.6,51.7,-9999,-9999,28.03,34.91,-9999
91994,234,34.7655487,-117.9071617,1250,-9999,3942,1730.0,106.10,103.80,185.90,0.301,0.0,223.43,222.20,-0.1,2.68,8.57,22.80,307.3,-8888,28.2,26.5,877.00,935.8,-9999,-9999,78.8,16.1,-83.6,51.2,-9999,-9999,28.03,34.91,-9999
91995,234,34.7648621,-117.9080200,1250,-9999,3943,1731.5,106.20,103.90,186.30,0.301,0.0,224.67,223.10,-0.4,2.50,4.97,22.80,307.3,-8888,28.2,26.4,877.00,935.7,3.7,352.5,78.8,13.3,-83.6,50.7,-9999,-9999,28.03,34.91,-9999
91996,234,34.7641754,-117.9087067,1250,-9999,3943,1727.5,106.30,104.40,187.00,0.303,0.1,225.92,223.90,-0.9,2.50,2.61,22.80,307.3,-8888,28.2,26.3,877.00,935.6,4.2,342.0,78.8,11.4,-83.6,49.9,-9999,-9999,28.03,34.91,-9999
91997,234,34.7636604,-117.9095650,1250,-9999,3944,1732.0,106.50,104.50,187.20,0.303,0.1,226.69,224.30,-1.7,2.54,1.50,22.80,307.3,-8888,28.2,26.4,876.90,935.8,4.8,339.9,78.8,10.4,-83.6,49.3,-9999,-9999,28.03,34.91,-9999
91998,234,34.7629738,-117.9104233,1250,-9999,3945,1733.5,106.70,104.80,187.60,0.304,0.2,226.97,224.60,-2.1,2.53,0.30,22.80,307.3,-8888,28.2,26.3,876.90,935.8,4.8,339.3,78.8,9.5,-83.6,49.2,-9999,-9999,28.03,34.91,-9999
91999,234,34.7622871,-117.9112816,1251,-9999,3947,1736.5,106.90,104.90,187.90,0.304,0.3,226.98,224.80,-2.2,2.44,-0.80,22.80,307.3,-8888,28.2,26.3,876.80,935.5,4.5,342.3,78.8,8.7,-83.6,49.4,-9999,-9999,28.03,34.91,-9999
92000,234,34.7616005,-117.9121399,1252,-9999,3949,1738.5,107.10,105.40,188.90,0.306,0.4,226.69,224.90,-2.0,2.27,-1.09,22.80,307.3,-8888,28.2,26.2,876.80,935.6,3.7,342.9,78.8,8.6,-83.6,49.7,-9999,-9999,28.03,34.91,-9999
92001,234,34.7609138,-117.9129982,1252,-9999,3951,1739.5,107.40,105.90,189.80,0.307,0.5,226.18,225.00,-1.7,2.16,-1.32,22.50,307.0,-8888,28.2,26.1,876.70,935.7,2.7,349.9,78.8,8.5,-83.6,50.3,-9999,-9999,27.52,34.19,-9999
92002,234,34.7602272,-117.9136848,1253,-9999,3953,1741.5,107.80,105.80,189.40,0.307,0.5,225.59,224.90,-1.2,2.19,-1.90,22.80,307.3,-8888,28.2,26.0,876.60,935.7,2.4,12.5,78.8,8.1,-83.6,51.0,-9999,-9999,28.03,34.91,-9999
92003,234,34.7595406,-117.9145432,1253,-9999,3956,1743.5,108.20,106.40,190.50,0.308,0.7,225.03,224.90,-0.6,2.05,-2.37,22.80,307.3,-8888,28.2,26.1,876.50,935.5,1.8,37.3,78.8,7.8,-83.6,51.6,-9999,-9999,28.03,34.91,-9999
92004,234,34.7588539,-117.9154015,1254,-9999,3958,1738.5,108.70,106.90,191.80,0.310,0.7,224.59,224.70,-0.3,1.83,-2.02,22.80,307.3,-8888,28.2,26.1,876.50,935.5,1.8,51.2,78.8,8.2,-83.6,52.0,-9999,-9999,28.03,34.91,-9999
92005,234,34.7579956,-117.9162598,1254,-9999,3958,1738.0,109.40,108.50,194.30,0.315,0.5,224.02,224.50,0.0,1.76,-1.73,22.50,307.0,-8888,28.2,26.1,876.50,935.6,1.3,89.7,78.8,8.5,-83.6,52.5,-9999,-9999,27.52,34.19,-9999
92006,234,34.7573090,-117.9171181,1254,-9999,3959,1735.5,110.20,108.70,194.60,0.315,0.3,223.32,224.30,0.4,1.77,-1.67,22.50,307.0,-8888,28.5,26.3,876.40,935.5,2.4,95.1,78.8,8.5,-83.6,53.2,-9999,-9999,27.52,34.19,-9999
92007,234,34.7566223,-117.9179764,1254,-9999,3960,1738.5,110.80,109.10,195.30,0.316,0.2,222.73,224.10,0.9,1.65,-1.79,22.50,307.0,-8888,28.5,26.1,876.40,935.8,3.1,100.5,78.8,8.5,-83.6,53.8,-9999,-9999,27.52,34.19,-9999
92008,234,34.7559357,-117.9188347,1254,-9999,3961,1739.5,111.60,109.60,196.10,0.318,0.2,222.36,223.80,1.1,1.42,-1.22,22.50,307.0,-8888,28.5,26.2,876.40,935.6,3.4,97.3,78.9,9.1,-83.6,54.2,-9999,-9999,27.52,34.19,-9999
92009,234,34.7550774,-117.9196930,1255,-9999,3962,1736.5,112.20,109.90,196.70,0.319,0.3,222.01,223.50,1.2,1.16,-0.90,22.50,307.0,-8888,28.5,26.5,876.30,935.7,3.7,94.2,78.9,9.5,-83.6,54.5,-9999,-9999,27.52,34.19,-9999
92010,234,34.7543907,-117.9205513,1256,-9999,3964,1739.5,113.00,110.30,197.30,0.320,0.3,221.79,223.30,1.3,0.96,0.10,22.80,307.3,-8888,28.8,26.5,876.30,935.5,4.0,90.0,78.9,10.4,-83.6,54.7,-9999,-9999,28.03,34.91,-9999
92011,234,34.7537041,-117.9214096,1256,-9999,3965,1741.5,113.70,110.80,198.40,0.321,0.3,221.61,223.00,1.3,0.83,0.41,22.50,307.0,-8888,28.8,26.8,876.20,935.6,4.0,85.5,78.9,10.8,-83.6,54.8,-9999,-9999,27.52,34.19,-9999
92012,234,34.7528458,-117.9222679,1256,-9999,3965,1743.5,114.50,111.50,199.60,0.323,0.2,221.48,222.90,1.3,0.79,0.60,22.50,307.0,-8888,28.8,26.9,876.20,935.5,4.1,85.2,78.9,10.9,-83.6,54.9,-9999,-9999,27.52,34.19,-9999
92013,234,34.7521591,-117.9231262,1255,-9999,3964,1739.5,115.20,112.40,201.10,0.326,0.1,221.36,222.80,1.3,0.81,1.47,22.50,307.0,-8888,28.8,27.1,876.30,935.5,4.0,87.7,78.9,11.6,-83.5,54.9,-9999,-9999,27.52,34.19,-9999
92014,234,34.7513008,-117.9239845,1254,-9999,3963,1735.5,116.00,113.10,202.30,0.328,0.0,221.27,222.70,1.3,0.88,1.63,22.50,307.0,-8888,28.8,27.2,876.30,935.5,4.1,86.6,78.9,11.7,-83.5,55.0,-9999,-9999,27.52,34.19,-9999
92015,234,34.7506142,-117.9248428,1253,-9999,3962,1738.0,116.80,113.40,202.90,0.329,-0.2,221.30,222.70,1.4,0.97,1.89,22.50,307.0,-8888,28.8,27.4,876.30,935.5,4.4,81.6,78.9,11.9,-83.5,54.9,-9999,-9999,27.52,34.19,-9999
92016,234,34.7497559,-117.9257011,1253,-9999,3960,1736.5,117.50,114.10,204.20,0.331,-0.2,221.36,222.60,1.3,1.02,2.28,22.50,307.0,-8888,29.0,27.4,876.40,935.4,4.2,78.4,78.9,12.2,-83.5,54.8,-9999,-9999,27.52,34.19,-9999
92017,234,34.7490692,-117.9265594,1253,-9999,3957,1733.5,118.10,114.70,205.40,0.333,-0.6,221.54,222.70,1.3,0.96,2.07,22.50,307.0,-8888,29.0,27.3,876.50,935.7,4.1,76.8,78.9,12.0,-83.5,54.7,-9999,-9999,27.52,34.19,-9999
92018,234,34.7482109,-117.9274178,1253,-9999,3954,1730.5,118.50,114.90,205.80,0.333,-0.7,221.85,222.70,1.1,1.05,2.22,22.50,307.0,-8888,29.0,27.0,876.60,935.7,4.0,68.0,78.9,12.1,-83.5,54.3,-9999,-9999,27.52,34.19,-9999
92019,234,34.7473526,-117.9282761,1253,-9999,3953,1730.5,118.70,116.20,208.10,0.337,-0.7,222.09,222.70,0.8,1.04,2.74,22.50,307.0,-8888,29.2,26.9,876.60,935.5,2.8,69.0,78.9,12.5,-83.5,54.0,-9999,-9999,27.52,34.19,-9999
92020,234,34.7466660,-117.9291344,1253,-9999,3952,1732.0,119.00,116.70,208.90,0.339,-0.5,222.14,222.80,0.7,0.97,2.88,22.50,307.0,-8888,29.2,26.6,876.70,935.7,2.7,73.0,78.9,12.7,-83.5,53.9,-9999,-9999,27.52,34.19,-9999
92021,234,34.7458076,-117.9299927,1254,-9999,3954,1735.5,119.40,117.10,209.80,0.340,-0.2,222.22,222.90,0.7,0.82,2.18,22.50,307.0,-8888,29.2,26.5,876.60,935.5,2.7,74.0,78.9,12.2,-83.5,54.0,-9999,-9999,27.52,34.19,-9999
92022,234,34.7451210,-117.9310226,1256,-9999,3956,1738.0,119.50,117.70,210.80,0.341,0.2,222.59,222.90,0.7,0.62,1.81,22.50,307.0,-8888,29.5,26.4,876.50,935.7,1.9,62.4,78.9,12.0,-83.5,53.7,-9999,-9999,27.52,34.19,-9999
92023,234,34.7442627,-117.9318810,1256,-9999,3959,1742.5,119.60,118.00,211.20,0.342,0.5,222.87,223.00,0.4,0.57,2.54,22.50,307.0,-8888,29.5,26.4,876.40,935.7,1.6,52.5,78.9,12.6,-83.5,53.3,-9999,-9999,27.52,34.19,-9999
92024,234,34.7434044,-117.9327393,1258,-9999,3961,1740.5,119.60,118.20,211.50,0.343,0.6,222.96,223.10,0.2,0.47,2.06,22.50,307.0,-8888,29.5,26.4,876.40,935.5,1.4,54.8,78.9,12.3,-83.5,53.3,-9999,-9999,27.52,34.19,-9999
92025,234,34.7427177,-117.9335976,1258,-9999,3963,1742.5,119.70,118.40,211.70,0.343,0.6,222.99,223.10,0.2,0.35,1.79,22.50,307.0,-8888,29.8,26.4,876.30,935.5,1.3,53.0,78.9,12.1,-83.5,53.4,-9999,-9999,27.52,34.19,-9999
92026,234,34.7418594,-117.9346275,1259,-9999,3965,1747.5,119.70,117.80,210.90,0.342,0.6,222.76,223.20,0.2,0.21,1.84,22.80,307.4,-8888,29.8,26.5,876.20,935.6,2.1,68.6,78.9,12.2,-83.5,53.6,-9999,-9999,28.03,34.91,-9999
92027,234,34.7411728,-117.9354858,1258,-9999,3967,1747.0,119.80,118.20,211.60,0.343,0.6,222.57,223.30,0.5,0.07,1.04,22.80,307.4,-8888,29.8,26.5,876.20,935.5,2.2,86.4,78.9,11.7,-83.5,53.9,-9999,-9999,28.03,34.91,-9999
