src/spatiotemporal_analysis/AEROMMA_NOAAPTR_DC8_20230822.ict
59, 1001
Matthew Coggon, Kelvin Bates, Chelsea Stockwell, Lu Xu, Carsten Warneke
NOAA ESRL Chemical Sciences Division
NOAA PTR-ToF-MS
AEROMMA
1,1 
2023, 08, 22, 2024, 04, 03
0
Time_Start, seconds, number of seconds from 00:00 UTC 
22
1, 1, 1, 1, 1, 1, 1, 1, 1, 1, 1, 1, 1, 1, 1, 1, 1, 1, 1, 1, 1, 1
-9999, -9999, -9999, -9999, -9999, -9999, -9999, -9999, -9999, -9999, -9999, -9999, -9999, -9999, -9999, -9999, -9999, -9999, -9999, -9999, -9999, -9999
CH3OH_NOAAPTR_ppbv,  ppbv, Gas_CH3OH_InSitu_S_AVMR, (CH3OH) methanol
CH3CN_NOAAPTR_ppbv,  ppbv, Gas_CH3CN_InSitu_S_AVMR, (CH3CN) acetonitrile
CH3CHO_NOAAPTR_ppbv,  ppbv, Cas_CH3CHO_InSitu_S_AVMR, (CH3CHO) acetaldehyde. Interferences from ethanol and ethylene glycol have been subtracted (using NOAA LTOF data for ethylene glycol)
C2H5OH_NOAAPTR_ppbv,  ppbv, Gas_C2H5OH_InSitu_S_AVMR, (C2H5OH) ethanol
CH3SH_NOAAPTR_ppbv,  ppbv, Gas_CH3SH_InSitu_S_AVMR, (CH3SH) methanethiol, using calibration factor for DMS
Acrolein_NOAAPTR_ppbv,  ppbv, Gas_Acrolein_InSitu_S_AVMR, (C3H4O) acrolein
AcetonePropanal_NOAAPTR_ppbv,  ppbv, Gas_AcetoneAndPropanal_InSitu_S_AVMR, (C3H6O) sum of acetone (dominant isomer) and propanal, using calibration factor for acetone
DMS_NOAAPTR_ppbv,  ppbv, Gas_DMS_InSitu_S_AVMR, (C2H6S) dimethyl sulfide with possible small contributions from ethanethiol
C5H8_NOAAPTR_ppbv,  ppbv, Gas_Isoprene_InSitu_S_AVMR, (C5H8) isoprene and possible fragments from cycloalkanes and aldehydes. Interferences have been subtracted following methods described by Coggon et al (2023)
MVKMAC_NOAAPTR_ppbv,  ppbv, Gas_MVKAndMAC_InSitu_S_AVMR, (C4H6O) sum of methyl vinyl ketone, methacrolein, and small amounts of crotonaldehyde, using weighted calibration factor for MVK (0.637) and MACR (0.363)
Benzene_NOAAPTR_ppbv,  ppbv, Gas_Benzene_InSitu_S_AVMR, (C6H6) benzene
Toluene_NOAAPTR_ppbv,  ppbv, Gas_Toluene_InSitu_S_AVMR, (C7H8) toluene with possible small contributions of fragments from ethyltoluene
Styrene_NOAAPTR_ppbv,  ppbv, Gas_Styrene_InSitu_S_AVMR, (C8H8) styrene
Benzaldehyde_NOAAPTR_ppbv,  ppbv, Gas_Benzaldehyde_InSitu_S_AVMR, (C7H6O) benzaldehyde
C8Aromatics_NOAAPTR_ppbv,  ppbv, Gas_C8Aromatics_InSitu_M_AVMR, (C8H10) sum of m-xylene, p-xylene, o-xylene, and ethyl benzene
C9Aromatics_NOAAPTR_ppbv,  ppbv, Gas_C9Aromatics_InSitu_M_AVMR, (C9H12) sum of C9 aromatics
Naphthalene_NOAAPTR_ppbv,  ppbv, Gas_Naphthalene_InSitu_S_AVMR, (C10H8) naphthalene
Octanal_NOAAPTR_ppbv,  ppbv, Gas_Octanal_InSitu_S_AVMR, (C8H16O) octanal and small amounts of octanone
Monoterpenes_NOAAPTR_ppbv,  ppbv, Gas_Monoterpenes_InSitu_M_AVMR, (C10H16) sum of monoterpenes and possible contributions from fragments of oxygenated monoterpenoids such as eucalyptol.
Nonanal_NOAAPTR_ppbv,  ppbv, Gas_Nonanal_InSitu_M_AVMR, (C9H18O) nonanal and small amounts of nonanone
C7H4ClF3_NOAAPTR_ppbv,  ppbv, Gas_C7H4ClF3_InSitu_S_AVMR, (C7H4ClF3) parachlorobenzotrifluoride
C10H30O5Si5_NOAAPTR_ppbv,  ppbv, Gas_C10H30O5Si5_InSitu_S_AVMR, (C10H30O5Si5) decamethylcyclopentasiloxane
1
SPECIAL COMMENTS:N/A
22
PI_CONTACT_INFO: NOAA ESRL Chemical Sciences Division, Tropospheric Chemistry Group. 325 Broadway, R/CSD7, Boulder, CO 80305
PLATFORM: Mobile Laboratory.
LOCATION: Palmdale, CA or Dayton, OH
ASSOCIATED_DATA: N/A
INSTRUMENT_INFO: NOAA PTR-ToF-MS measurements on DC8 aircraft
[...]
PROJECT_INFO: AEROMMA Deployment June-August, 2023
STIPULATIONS_ON_USE: Use of these data require prior OK from PI.
OTHER_COMMENTS: Uncertainties (%): 1Hz LOD (ppbv)
CH3OH_NOAAPTR_ppbv:30%:0.55; CH3CN_NOAAPTR_ppbv:30%:0.009; CH3CHO_NOAAPTR_ppbv:30%:0.13; C2H5OH_NOAAPTR_ppbv:30%:0.28; CH3SH_NOAAPTR_ppbv:50%:0.003; Acrolein_NOAAPTR_ppbv:30%:0.04; AcetonePropanal_NOAAPTR_ppbv:30%:0.04; DMS_NOAAPTR_ppbv:30%:0.007; C5H8_NOAAPTR_ppbv:30%:0.018; MVKMAC_NOAAPTR_ppbv:30%:0.014; 
Benzene_NOAAPTR_ppbv:30%:0.038; Toluene_NOAAPTR_ppbv:30%:0.007; Styrene_NOAAPTR_ppbv:30%:0.003; Benzaldehyde_NOAAPTR_ppbv:30%:0.008; C8Aromatics_NOAAPTR_ppbv:30%:0.003; C9Aromatics_NOAAPTR_ppbv:30%:0.003; Naphthalene_NOAAPTR_ppbv:30%:0.005; Octanal_NOAAPTR_ppbv:30%:0.007; Monoterpenes_NOAAPTR_ppbv:30%:0.004; Nonanal_NOAAPTR_ppbv:30%:0.01; 
C7H4ClF3_NOAAPTR_ppbv:30%:0.004; C10H30O5Si5_NOAAPTR_ppbv:30%:0.002; 
REVISION: R1
R1: Added acetaldehyde and LOD for each species (see other comments)
R0: Calibrated PTR Data. See individual species comments for details about measurement uncertainties.
Time_Start, CH3OH_NOAAPTR_ppbv, CH3CN_NOAAPTR_ppbv, CH3CHO_NOAAPTR_ppbv, C2H5OH_NOAAPTR_ppbv, CH3SH_NOAAPTR_ppbv, Acrolein_NOAAPTR_ppbv, AcetonePropanal_NOAAPTR_ppbv, DMS_NOAAPTR_ppbv, C5H8_NOAAPTR_ppbv, MVKMAC_NOAAPTR_ppbv, Benzene_NOAAPTR_ppbv, Toluene_NOAAPTR_ppbv, Styrene_NOAAPTR_ppbv, Benzaldehyde_NOAAPTR_ppbv, C8Aromatics_NOAAPTR_ppbv, C9Aromatics_NOAAPTR_ppbv, Naphthalene_NOAAPTR_ppbv, Octanal_NOAAPTR_ppbv, Monoterpenes_NOAAPTR_ppbv, Nonanal_NOAAPTR_ppbv, C7H4ClF3_NOAAPTR_ppbv, C10H30O5Si5_NOAAPTR_ppbv
[from data line 597]
75124.0, 1.91408, 0.10835, 0.16193, 0.13635, 0.00132, 0.02428, 0.92534, -0.00146, -0.01213, -0.00339, -0.02010, 0.00584, -0.00154, 0.00606, -0.00060, -0.00032, 0.00189, -0.00071, -0.00220, 0.00840, -0.00132, 0.00003 
75125.0, 1.27225, 0.12740, 0.12745, 0.02773, 0.00067, 0.01240, 0.91816, 0.00076, -0.01268, 0.00618, -0.00643, -0.00153, -0.00019, 0.01055, -0.00098, 0.00076, 0.00017, 0.00216, -0.00119, 0.01755, -0.00016, 0.00072 
75126.0, 1.74323, 0.10989, 0.10977, 0.00025, -0.00155, 0.01939, 0.96243, -0.00160, -0.00143, 0.00302, 0.01358, -0.00320, 0.00115, -0.00373, 0.00003, -0.00104, 0.00366, 0.00491, -0.00009, 0.01211, 0.00375, -0.00036 
75127.0, 1.28853, 0.11432, 0.07006, -0.14939, -0.00069, -0.00729, 0.96889, 0.00227, 0.03012, 0.00780, 0.00481, -0.00046, -0.00053, -0.00183, 0.00050, -0.00085, 0.00237, 0.00240, 0.00281, 0.00297, -0.00021, -0.00077 
75128.0, 1.76262, 0.09556, 0.08583, 0.03343, -0.00110, 0.02534, 1.00211, -0.00174, 0.00541, -0.00003, 0.02004, -0.00242, 0.00011, 0.00205, -0.00094, 0.00021, -0.00049, -0.00121, 0.00127, 0.00579, -0.00110, -0.00007 
75129.0, 1.89958, 0.10810, 0.06733, 0.06992, -0.00098, 0.03703, 1.02186, -0.00109, 0.00867, 0.00267, 0.00208, 0.00285, -0.00092, -0.00068, 0.00176, -0.00118, -0.00002, 0.00592, 0.00072, 0.02162, 0.00041, 0.00129 
75130.0, 1.53554, 0.11133, 0.18798, -0.00940, -0.00090, 0.02040, 0.94933, 0.00208, -0.00732, 0.00375, -0.01447, -0.00085, 0.00090, 0.00117, -0.00133, -0.00028, 0.00039, 0.00085, -0.00236, 0.00983, -0.00206, 0.00079 
75131.0, 1.58392, 0.11576, 0.11726, -0.10181, -0.00114, 0.01197, 0.90649, -0.00181, 0.00994, 0.00752, -0.00665, 0.00165, 0.00057, 0.00106, -0.00103, -0.00110, 0.00284, 0.00182, 0.00120, -0.00008, 0.00219, -0.00047 
75132.0, 1.27950, 0.11971, 0.17990, -0.00151, -0.00025, -0.00186, 0.91992, -0.00035, -0.00928, 0.00403, 0.00661, -0.00330, -0.00098, 0.00114, -0.00146, -0.00041, 0.00003, 0.00348, -0.00117, 0.01501, -0.00072, 0.00055 
75133.0, 1.96796, 0.11380, 0.13080, 0.18667, -0.00095, 0.02305, 0.89116, -0.00159, -0.00378, -0.00605, 0.00706, -0.00241, -0.00098, 0.01118, -0.00077, 0.00125, -0.00075, 0.00045, 0.00123, 0.01122, -0.00093, -0.00114 
75134.0, 0.95511, 0.10199, 0.09681, 0.14320, 0.00106, 0.01130, 0.87587, 0.00174, -0.00504, 0.00061, -0.00902, -0.00083, 0.00167, 0.01135, -0.00124, -0.00032, -0.00169, 0.00596, -0.00131, 0.01276, -0.00008, -0.00100 
75135.0, 1.39532, 0.11105, 0.17219, 0.01976, -0.00032, -0.00076, 0.85925, 0.00116, 0.00132, -0.00721, -0.00995, 0.00026, 0.00116, 0.01185, 0.00021, 0.00057, 0.00433, 0.00478, -0.00036, 0.01228, 0.00391, -0.00003 
75136.0, 1.52798, 0.11410, 0.06801, -0.01924, -0.00091, 0.00278, 0.93406, -0.00110, 0.02044, -0.00203, 0.01936, -0.00016, -0.00155, 0.00820, 0.00060, 0.00138, -0.00240, 0.00289, -0.00136, 0.00864, -0.00116, -0.00115 
75137.0, 1.12678, 0.12733, 0.10437, 0.16667, -0.00094, 0.02746, 0.93176, -0.00131, 0.01161, -0.00566, 0.01814, -0.00268, -0.00079, -0.00024, -0.00092, -0.00049, -0.00240, 0.00433, 0.00392, 0.00703, -0.00174, 0.00096 
75138.0, 1.27222, 0.10225, 0.17966, -0.09963, 0.00088, 0.00836, 0.88304, 0.00122, 0.02150, 0.00295, 0.00256, -0.00023, -0.00090, 0.00942, -0.00009, -0.00070, -0.00111, -0.00041, 0.00039, 0.01746, -0.00107, -0.00001 
75139.0, 1.30450, 0.11856, 0.16709, 0.11041, 0.00205, 0.03194, 0.90594, -0.00123, 0.01252, -0.00252, -0.02167, -0.00506, -0.00010, -0.00244, -0.00095, 0.00093, 0.00371, -0.00135, -0.00046, 0.01155, 0.00048, 0.00131 
75140.0, 1.31604, 0.11481, 0.14332, 0.15937, -0.00083, 0.02246, 0.91364, 0.00121, 0.01186, -0.00255, -0.01255, -0.00183, 0.00110, -0.00013, 0.00098, 0.00060, 0.00159, 0.00145, -0.00055, 0.00985, -0.00006, -0.00038 
75141.0, 0.94662, 0.11523, 0.15483, 0.06638, 0.00067, -0.00566, 0.90552, -0.00180, 0.02170, 0.01100, -0.01549, 0.00161, -0.00155, -0.00317, 0.00128, 0.00020, 0.00472, 0.00435, 0.00143, 0.01710, -0.00055, -0.00065 
75142.0, 1.65928, 0.11814, 0.09041, 0.03556, -0.00155, 0.02776, 0.84388, -0.00149, 0.02273, -0.00291, 0.03700, 0.00087, 0.00052, 0.00389, -0.00018, -0.00041, -0.00187, 0.01063, 0.00466, 0.00595, -0.00157, -0.00094 
75143.0, 1.38347, 0.11413, 0.17785, -0.11281, -0.00145, 0.01628, 0.90226, -0.00180, 0.02087, 0.00398, 0.00158, 0.00843, -0.00155, 0.01200, -0.00061, -0.00014, 0.00009, 0.00747, 0.00088, 0.01258, -0.00123, 0.00010 
75144.0, 1.22256, 0.12778, 0.13918, -0.09331, 0.00026, 0.02397, 0.85527, -0.00180, 0.00789, -0.00084, -0.00702, 0.00204, -0.00007, 0.00223, 0.00026, 0.00142, 0.00503, 0.00053, -0.00228, 0.01328, -0.00143, -0.00069 
75145.0, 1.22528, 0.12213, 0.14492, 0.12994, 0.00011, -0.01045, 0.89873, -0.00096, 0.01423, 0.01065, 0.00271, 0.00113, -0.00155, -0.00041, -0.00039, -0.00022, -0.00055, 0.00457, -0.00062, 0.00401, -0.00179, 0.00108 
75146.0, 1.89745, 0.11202, -0.00022, 0.04598, -0.00047, 0.00700, 0.88623, 0.00241, 0.00977, 0.00829, -0.00502, -0.00245, -0.00090, 0.00353, 0.00002, 0.00063, 0.00185, -0.00069, -0.00013, 0.02223, -0.00134, 0.00033 
75147.0, 1.73249, 0.11065, 0.13773, 0.04690, 0.00047, -0.02410, 0.88908, -0.00079, 0.00254, 0.00297, -0.00550, 0.00191, -0.00058, -0.00233, 0.00031, 0.00021, 0.00356, 0.01150, 0.00109, 0.00448, 0.00047, 0.00000 
75148.0, 1.09291, 0.12150, 0.04811, -0.13562, -0.00068, -0.00007, 0.85594, 0.00729, -0.00110, -0.00341, -0.00267, 0.00052, -0.00155, -0.00035, 0.00041, -0.00060, 0.00035, 0.00284, -0.00143, 0.01340, 0.00204, 0.00103 
75149.0, 0.86188, 0.09626, 0.10888, 0.02050, -0.00020, 0.02368, 0.90148, 0.00099, -0.00032, 0.00224, 0.00264, -0.00562, 0.00078, 0.00121, 0.00084, -0.00053, -0.00078, 0.00232, -0.00166, 0.00593, -0.00112, -0.00038 
75150.0, 1.63249, 0.09859, 0.11647, 0.02580, -0.00129, -0.01251, 0.87471, -0.00180, 0.00411, 0.00099, 0.01238, -0.00194, -0.00056, -0.00003, 0.00056, -0.00155, 0.00071, 0.00519, -0.00136, 0.01625, -0.00022, -0.00075 
75151.0, 1.61058, 0.12238, 0.15797, 0.12459, -0.00081, 0.02453, 0.84065, 0.00083, 0.00098, 0.00231, 0.00040, 0.00287, -0.00011, 0.00684, 0.00042, 0.00089, 0.00070, 0.00266, -0.00172, 0.01290, -0.00065, 0.00190 
75152.0, 1.37545, 0.11133, 0.12975, -0.00140, 0.00044, 0.00910, 0.89401, -0.00180, 0.00873, 0.00394, 0.00420, 0.00575, -0.00000, -0.00352, -0.00055, 0.00088, 0.00037, 0.00784, -0.00041, 0.00460, 0.00168, 0.00346 
75153.0, 1.28650, 0.11671, 0.04210, 0.13484, 0.00087, 0.00668, 0.88326, -0.00180, -0.00388, 0.01182, 0.00216, -0.00082, -0.00155, 0.00313, 0.00307, 0.00062, 0.00278, 0.00674, 0.00026, 0.01697, 0.00044, 0.00109 
75154.0, 1.26354, 0.10227, 0.13204, 0.09051, 0.00023, -0.00117, 0.85168, -0.00180, 0.00488, 0.00320, -0.00619, -0.00060, -0.00033, -0.00049, -0.00097, -0.00033, 0.00011, 0.00125, -0.00077, 0.01523, -0.00172, -0.00032 
75155.0, 1.36840, 0.12215, 0.19835, -0.04338, -0.00074, -0.01008, 0.85315, 0.00082, 0.01288, 0.00919, 0.00071, 0.00155, 0.00019, -0.00157, 0.00078, 0.00086, -0.00127, 0.00483, -0.00088, 0.01884, -0.00206, -0.00028 
75156.0, 0.87640, 0.12272, 0.13929, -0.04147, -0.00021, -0.00947, 0.83047, -0.00091, 0.00741, -0.00148, 0.00207, -0.00054, -0.00059, 0.00130, -0.00029, -0.00103, 0.00242, -0.00124, 0.00212, 0.00678, -0.00151, 0.00138 
75157.0, 1.27209, 0.10566, 0.05574, 0.00719, -0.00007, 0.01751, 0.84357, -0.00069, 0.01014, -0.00210, -0.00509, -0.00110, 0.00355, -0.00116, 0.00113, -0.00033, 0.00414, 0.00222, 0.00410, 0.01793, -0.00093, 0.00073 
75158.0, 0.66048, 0.11017, 0.10731, 0.23944, -0.00081, 0.01588, 0.83602, -0.00180, -0.00138, -0.00772, -0.01370, 0.00173, 0.00028, 0.00126, 0.00150, 0.00012, -0.00043, 0.00197, 0.00228, 0.01521, -0.00026, -0.00075 
75159.0, 1.04105, 0.12155, 0.10069, 0.11855, -0.00121, 0.02321, 0.88562, -0.00164, -0.01647, -0.00638, 0.00160, -0.00115, -0.00004, 0.00026, -0.00048, 0.00094, -0.00193, 0.00222, -0.00058, 0.01124, -0.00191, 0.00094 
75160.0, 1.30479, 0.11097, 0.15237, 0.17025, 0.00055, 0.02770, 0.87026, 0.00016, -0.01965, -0.00138, 0.01958, 0.00065, -0.00090, 0.00839, 0.00156, -0.00063, 0.00256, 0.00687, -0.00125, 0.00888, -0.00190, 0.00009 
75161.0, 1.80817, 0.11499, 0.08286, -0.03353, 0.00198, 0.03464, 0.81601, -0.00180, -0.01627, -0.00646, -0.00166, -0.00485, -0.00000, 0.00260, 0.00030, -0.00012, 0.00023, -0.00167, 0.00118, 0.00553, -0.00206, 0.00034 
75162.0, 1.43761, 0.10828, 0.11947, 0.13682, -0.00063, 0.01056, 0.88406, 0.00067, -0.01549, 0.00462, -0.01958, -0.00319, -0.00063, 0.00407, 0.00221, 0.00112, -0.00229, 0.00282, -0.00018, 0.01714, 0.00024, -0.00015 
75163.0, 1.46127, 0.12185, 0.15495, -0.02544, -0.00005, -0.01077, 0.82812, -0.00165, -0.01741, -0.00151, 0.01258, -0.00044, 0.00157, 0.00279, -0.00049, -0.00095, -0.00240, 0.00050, 0.00183, 0.00487, -0.00004, -0.00028 
75164.0, 1.65737, 0.10928, 0.08671, -0.02796, -0.00141, 0.00386, 0.85877, -0.00017, 0.00639, -0.00294, 0.03125, 0.00224, 0.00000, 0.00313, 0.00172, -0.00068, -0.00008, 0.00862, 0.00214, 0.01021, -0.00122, 0.00108 
75165.0, 0.93562, 0.10723, 0.14978, 0.13090, -0.00131, -0.00592, 0.90622, -0.00180, -0.00311, -0.00340, -0.00708, -0.00040, -0.00137, -0.00001, 0.00090, 0.00157, -0.00240, 0.00069, 0.00021, 0.01561, -0.00045, -0.00010 
75166.0, 1.18481, 0.11029, 0.10817, 0.10120, 0.00076, 0.02185, 0.86637, 0.00187, 0.01120, -0.00005, 0.01267, 0.00289, -0.00078, 0.01316, -0.00082, -0.00013, -0.00061, 0.00568, -0.00203, 0.00715, -0.00057, -0.00079 
75167.0, 1.73679, 0.12516, 0.12167, 0.16663, -0.00074, 0.01148, 0.85766, -0.00106, 0.00919, 0.00575, 0.01436, 0.00364, -0.00067, 0.00732, -0.00070, -0.00070, 0.00110, 0.00906, 0.00323, 0.01352, -0.00009, 0.00074 
75168.0, 1.07191, 0.11903, 0.16156, 0.18321, 0.00034, 0.01481, 0.82994, -0.00180, -0.00154, -0.00523, -0.01088, -0.00189, 0.00083, 0.00468, -0.00038, 0.00009, 0.00309, -0.00183, 0.00218, 0.01260, -0.00088, 0.00065 
75169.0, 1.52633, 0.11600, 0.17433, 0.20913, -0.00068, 0.00806, 0.84071, -0.00108, 0.01078, 0.00857, 0.01754, 0.00162, -0.00080, 0.00611, -0.00155, -0.00023, 0.00434, 0.00462, 0.00139, 0.00600, -0.00108, 0.00013 
75170.0, 1.72400, 0.12235, 0.08194, -0.10478, 0.00042, -0.01072, 0.84829, 0.00209, 0.00511, -0.00908, -0.00824, 0.00138, -0.00155, 0.00574, -0.00032, 0.00052, -0.00240, 0.00211, -0.00047, 0.01172, 0.00196, -0.00025 
75171.0, 1.04956, 0.12159, 0.22946, -0.00707, 0.00065, 0.00439, 0.82731, -0.00105, -0.00135, 0.00076, -0.01595, 0.00176, 0.00241, -0.00036, 0.00133, 0.00228, 0.00492, -0.00372, -0.00188, 0.00444, -0.00141, -0.00072 
75172.0, 1.57551, 0.10379, 0.15311, -0.00330, -0.00086, 0.01021, 0.86159, -0.00074, 0.01933, 0.00724, 0.02011, 0.00611, -0.00099, 0.00403, 0.00100, -0.00050, -0.00007, 0.00383, -0.00030, 0.01245, 0.00007, -0.00079 
75173.0, 1.27317, 0.10504, 0.23329, 0.10766, 0.00050, 0.01778, 0.87152, -0.00160, 0.01137, -0.00605, 0.00339, 0.00458, -0.00156, -0.00329, -0.00079, -0.00110, -0.00082, 0.01067, 0.00171, 0.01903, -0.00194, -0.00040 
75174.0, 1.42184, 0.10791, 0.14642, 0.11827, 0.00017, 0.01638, 0.88447, 0.00059, -0.00217, -0.00583, 0.00037, -0.00150, -0.00041, 0.00326, 0.00049, -0.00004, -0.00072, 0.00512, 0.00028, 0.00683, -0.00047, 0.00185 
75175.0, 1.49128, 0.11687, 0.16650, -0.01046, 0.00106, 0.02704, 0.84433, -0.00107, 0.01261, 0.01335, -0.00262, 0.00082, -0.00156, 0.00040, -0.00016, 0.00015, -0.00145, 0.00549, -0.00076, 0.00416, -0.00104, -0.00074 
75176.0, 1.49356, 0.11851, 0.16073, -0.17332, -0.00099, 0.02255, 0.85578, -0.00074, 0.00496, 0.00181, 0.00305, -0.00017, -0.00036, 0.00157, 0.00044, -0.00023, 0.00046, 0.01270, -0.00175, 0.00792, -0.00028, -0.00118 
75177.0, 1.30181, 0.13507, 0.15583, 0.14219, 0.00145, -0.00194, 0.88856, -0.00180, -0.01120, -0.00257, 0.00033, 0.00230, -0.00156, 0.00110, -0.00025, -0.00154, -0.00079, 0.00833, -0.00036, 0.02261, -0.00206, 0.00087 
75178.0, 0.98889, 0.12283, 0.16800, 0.01707, 0.00216, 0.02216, 0.90380, -0.00065, -0.00457, -0.00235, 0.01217, 0.00137, 0.00158, 0.00586, 0.00087, -0.00001, -0.00050, 0.00865, 0.00081, 0.00934, -0.00034, 0.00005 
75179.0, 1.32475, 0.10983, 0.13921, 0.06461, 0.00032, 0.02669, 0.90902, 0.00235, -0.01302, 0.01086, 0.00192, -0.00125, -0.00030, -0.00071, -0.00029, -0.00116, 0.00183, 0.00734, 0.00192, 0.02539, 0.00069, -0.00060 
75180.0, 1.55135, 0.11596, 0.16027, 0.08108, 0.00326, 0.02025, 0.85886, -0.00179, -0.00722, 0.00150, 0.01806, 0.00365, -0.00112, 0.00066, 0.00293, -0.00067, 0.00213, 0.01258, 0.00057, 0.01092, -0.00068, -0.00087 
75181.0, 1.09730, 0.11821, 0.09580, -0.06369, -0.00016, -0.00919, 0.86100, 0.00227, 0.01198, -0.00129, -0.01392, 0.00456, -0.00140, 0.01269, -0.00039, -0.00112, 0.00278, 0.00266, 0.00051, 0.01384, -0.00147, 0.00002 
75182.0, 1.09481, 0.10164, 0.07084, 0.17878, 0.00017, 0.01551, 0.88404, -0.00121, 0.00149, -0.00471, 0.00208, -0.00364, -0.00156, 0.00222, -0.00014, 0.00138, -0.00240, 0.00309, 0.00460, 0.02442, -0.00030, 0.00019 
75183.0, 1.42129, 0.12629, 0.13042, 0.23389, 0.00004, 0.02482, 0.86160, -0.00060, -0.00559, 0.00690, -0.00784, -0.00128, -0.00136, -0.00486, 0.00004, -0.00054, -0.00089, 0.00486, -0.00055, 0.01246, -0.00053, -0.00041 
75184.0, 1.41932, 0.10734, 0.04982, 0.17717, 0.00027, 0.02151, 0.87253, 0.00616, -0.00697, 0.00143, -0.00320, -0.00496, -0.00056, 0.00310, 0.00138, -0.00020, -0.00005, 0.00346, -0.00148, 0.01100, 0.00118, 0.00005 
75185.0, 1.28273, 0.12687, 0.12552, 0.13300, -0.00002, 0.01335, 0.88466, -0.00144, -0.00256, 0.00545, 0.01185, 0.00074, -0.00056, -0.00232, -0.00047, -0.00024, -0.00212, 0.00302, 0.00041, 0.02277, -0.00168, -0.00097 
75186.0, 1.07507, 0.12722, 0.12887, 0.07586, -0.00003, 0.02248, 0.88459, 0.00036, -0.01138, 0.00681, -0.00890, 0.00270, -0.00037, 0.00439, -0.00123, -0.00139, -0.00240, 0.00260, -0.00134, 0.00689, -0.00186, -0.00105 
75187.0, 1.33265, 0.12559, 0.10827, 0.06669, -0.00004, -0.01672, 0.85274, -0.00099, 0.00106, 0.00030, 0.00420, 0.00411, -0.00156, 0.00096, -0.00113, 0.00139, -0.00240, 0.00228, 0.00014, 0.02142, -0.00135, 0.00029 
75188.0, 1.47719, 0.11834, 0.12519, 0.18201, -0.00087, 0.00930, 0.89179, 0.00099, -0.00127, 0.00015, 0.00181, 0.00194, 0.00170, 0.00518, -0.00070, -0.00114, -0.00131, 0.00406, -0.00143, 0.01318, 0.00089, 0.00226 
75189.0, 1.20442, 0.12160, 0.08509, 0.10981, 0.00067, 0.01424, 0.89025, -0.00138, 0.01165, -0.00101, -0.00592, -0.00110, -0.00002, 0.00188, -0.00086, 0.00020, 0.00302, 0.00117, -0.00088, 0.02061, 0.00217, 0.00035 
75190.0, 1.62840, 0.13325, 0.10532, 0.15495, 0.00089, 0.01149, 0.86369, 0.00294, 0.01179, -0.00227, -0.00487, 0.00651, -0.00074, 0.00286, 0.00081, -0.00058, -0.00234, 0.00048, -0.00059, 0.01447, 0.00012, 0.00095 
75191.0, 1.76947, 0.12144, 0.11414, 0.02339, -0.00041, 0.01449, 0.85463, -0.00069, 0.00689, 0.01130, -0.01174, -0.00002, -0.00132, 0.01045, -0.00155, 0.00046, -0.00213, 0.00889, 0.00115, 0.00599, 0.00008, 0.00116 
75192.0, 0.90319, 0.11694, 0.06589, -0.00418, 0.00006, 0.01338, 0.87700, 0.00104, 0.00454, 0.00503, 0.01360, 0.00197, -0.00017, 0.00093, -0.00000, 0.00130, -0.00105, 0.00663, 0.00122, 0.01347, 0.00112, -0.00034 
75193.0, 1.16912, 0.10838, 0.11848, 0.04061, -0.00026, 0.00355, 0.89199, -0.00179, 0.01460, -0.00239, 0.01711, -0.00371, -0.00034, -0.00284, 0.00239, -0.00139, 0.00243, 0.00719, 0.00277, 0.00244, -0.00139, -0.00038 
75194.0, 1.77149, 0.12292, 0.18875, -0.04904, 0.00147, 0.02628, 0.89043, -0.00162, 0.02082, -0.00001, -0.01478, 0.00021, 0.00104, 0.00185, 0.00042, 0.00055, 0.00002, 0.00303, 0.00122, 0.00556, -0.00180, -0.00118 
75195.0, 0.78669, 0.10243, 0.05759, 0.11517, -0.00012, 0.00725, 0.87929, 0.00009, 0.01022, -0.00346, -0.00322, 0.00159, 0.00127, -0.00171, 0.00044, -0.00112, -0.00136, 0.00724, -0.00084, 0.00580, -0.00035, -0.00042 
75196.0, 1.29504, 0.10684, 0.09868, 0.02835, 0.00118, 0.04980, 0.86709, -0.00008, 0.00028, 0.00421, -0.01662, -0.00407, 0.00033, 0.00102, 0.00081, -0.00106, -0.00240, -0.00158, 0.00142, 0.02354, -0.00115, -0.00110 
