src/spatiotemporal_analysis/AEROMMA_NOAAPTR_DC8_20230822.ict
59, 1001
Matthew Coggon, Kelvin Bates, Chelsea Stockwell, Lu Xu, Carsten Warneke
NOAA ESRL Chemical Sciences Division
NOAA PTR-ToF-MS
AEROMMA
1,1 
2023, 08, 22, 2024, 04, 03
0
Time_Start, seconds, number of seconds from 00:00 UTC 
22
1, 1, 1, 1, 1, 1, 1, 1, 1, 1, 1, 1, 1, 1, 1, 1, 1, 1, 1, 1, 1, 1
-9999, -9999, -9999, -9999, -9999, -9999, -9999, -9999, -9999, -9999, -9999, -9999, -9999, -9999, -9999, -9999, -9999, -9999, -9999, -9999, -9999, -9999
CH3OH_NOAAPTR_ppbv,  ppbv, Gas_CH3OH_InSitu_S_AVMR, (CH3OH) methanol
CH3CN_NOAAPTR_ppbv,  ppbv, Gas_CH3CN_InSitu_S_AVMR, (CH3CN) acetonitrile
CH3CHO_NOAAPTR_ppbv,  ppbv, Cas_CH3CHO_InSitu_S_AVMR, (CH3CHO) acetaldehyde. Interferences from ethanol and ethylene glycol have been subtracted (using NOAA LTOF data for ethylene glycol)
C2H5OH_NOAAPTR_ppbv,  ppbv, Gas_C2H5OH_InSitu_S_AVMR, (C2H5OH) ethanol
CH3SH_NOAAPTR_ppbv,  ppbv, Gas_CH3SH_InSitu_S_AVMR, (CH3SH) methanethiol, using calibration factor for DMS
Acrolein_NOAAPTR_ppbv,  ppbv, Gas_Acrolein_InSitu_S_AVMR, (C3H4O) acrolein
AcetonePropanal_NOAAPTR_ppbv,  ppbv, Gas_AcetoneAndPropanal_InSitu_S_AVMR, (C3H6O) sum of acetone (dominant isomer) and propanal, using calibration factor for acetone
DMS_NOAAPTR_ppbv,  ppbv, Gas_DMS_InSitu_S_AVMR, (C2H6S) dimethyl sulfide with possible small contributions from ethanethiol
C5H8_NOAAPTR_ppbv,  ppbv, Gas_Isoprene_InSitu_S_AVMR, (C5H8) isoprene and possible fragments from cycloalkanes and aldehydes. Interferences have been subtracted following methods described by Coggon et al (2023)
MVKMAC_NOAAPTR_ppbv,  ppbv, Gas_MVKAndMAC_InSitu_S_AVMR, (C4H6O) sum of methyl vinyl ketone, methacrolein, and small amounts of crotonaldehyde, using weighted calibration factor for MVK (0.637) and MACR (0.363)
Benzene_NOAAPTR_ppbv,  ppbv, Gas_Benzene_InSitu_S_AVMR, (C6H6) benzene
Toluene_NOAAPTR_ppbv,  ppbv, Gas_Toluene_InSitu_S_AVMR, (C7H8) toluene with possible small contributions of fragments from ethyltoluene
Styrene_NOAAPTR_ppbv,  ppbv, Gas_Styrene_InSitu_S_AVMR, (C8H8) styrene
Benzaldehyde_NOAAPTR_ppbv,  ppbv, Gas_Benzaldehyde_InSitu_S_AVMR, (C7H6O) benzaldehyde
C8Aromatics_NOAAPTR_ppbv,  ppbv, Gas_C8Aromatics_InSitu_M_AVMR, (C8H10) sum of m-xylene, p-xylene, o-xylene, and ethyl benzene
C9Aromatics_NOAAPTR_ppbv,  ppbv, Gas_C9Aromatics_InSitu_M_AVMR, (C9H12) sum of C9 aromatics
Naphthalene_NOAAPTR_ppbv,  ppbv, Gas_Naphthalene_InSitu_S_AVMR, (C10H8) naphthalene
Octanal_NOAAPTR_ppbv,  ppbv, Gas_Octanal_InSitu_S_AVMR, (C8H16O) octanal and small amounts of octanone
Monoterpenes_NOAAPTR_ppbv,  ppbv, Gas_Monoterpenes_InSitu_M_AVMR, (C10H16) sum of monoterpenes and possible contributions from fragments of oxygenated monoterpenoids such as eucalyptol.
Nonanal_NOAAPTR_ppbv,  ppbv, Gas_Nonanal_InSitu_M_AVMR, (C9H18O) nonanal and small amounts of nonanone
C7H4ClF3_NOAAPTR_ppbv,  ppbv, Gas_C7H4ClF3_InSitu_S_AVMR, (C7H4ClF3) parachlorobenzotrifluoride
C10H30O5Si5_NOAAPTR_ppbv,  ppbv, Gas_C10H30O5Si5_InSitu_S_AVMR, (C10H30O5Si5) decamethylcyclopentasiloxane
1
SPECIAL COMMENTS:N/A
22
PI_CONTACT_INFO: NOAA ESRL Chemical Sciences Division, Tropospheric Chemistry Group. 325 Broadway, R/CSD7, Boulder, CO 80305
PLATFORM: Mobile Laboratory.
LOCATION: Palmdale, CA or Dayton, OH
ASSOCIATED_DATA: N/A
INSTRUMENT_INFO: NOAA PTR-ToF-MS measurements on DC8 aircraft
[...]
PROJECT_INFO: AEROMMA Deployment June-August, 2023
STIPULATIONS_ON_USE: Use of these data require prior OK from PI.
OTHER_COMMENTS: Uncertainties (%): 1Hz LOD (ppbv)
CH3OH_NOAAPTR_ppbv:30%:0.55; CH3CN_NOAAPTR_ppbv:30%:0.009; CH3CHO_NOAAPTR_ppbv:30%:0.13; C2H5OH_NOAAPTR_ppbv:30%:0.28; CH3SH_NOAAPTR_ppbv:50%:0.003; Acrolein_NOAAPTR_ppbv:30%:0.04; AcetonePropanal_NOAAPTR_ppbv:30%:0.04; DMS_NOAAPTR_ppbv:30%:0.007; C5H8_NOAAPTR_ppbv:30%:0.018; MVKMAC_NOAAPTR_ppbv:30%:0.014; 
Benzene_NOAAPTR_ppbv:30%:0.038; Toluene_NOAAPTR_ppbv:30%:0.007; Styrene_NOAAPTR_ppbv:30%:0.003; Benzaldehyde_NOAAPTR_ppbv:30%:0.008; C8Aromatics_NOAAPTR_ppbv:30%:0.003; C9Aromatics_NOAAPTR_ppbv:30%:0.003; Naphthalene_NOAAPTR_ppbv:30%:0.005; Octanal_NOAAPTR_ppbv:30%:0.007; Monoterpenes_NOAAPTR_ppbv:30%:0.004; Nonanal_NOAAPTR_ppbv:30%:0.01; 
C7H4ClF3_NOAAPTR_ppbv:30%:0.004; C10H30O5Si5_NOAAPTR_ppbv:30%:0.002; 
REVISION: R1
R1: Added acetaldehyde and LOD for each species (see other comments)
R0: Calibrated PTR Data. See individual species comments for details about measurement uncertainties.
Time_Start, CH3OH_NOAAPTR_ppbv, CH3CN_NOAAPTR_ppbv, CH3CHO_NOAAPTR_ppbv, C2H5OH_NOAAPTR_ppbv, CH3SH_NOAAPTR_ppbv, Acrolein_NOAAPTR_ppbv, AcetonePropanal_NOAAPTR_ppbv, DMS_NOAAPTR_ppbv, C5H8_NOAAPTR_ppbv, MVKMAC_NOAAPTR_ppbv, Benzene_NOAAPTR_ppbv, Toluene_NOAAPTR_ppbv, Styrene_NOAAPTR_ppbv, Benzaldehyde_NOAAPTR_ppbv, C8Aromatics_NOAAPTR_ppbv, C9Aromatics_NOAAPTR_ppbv, Naphthalene_NOAAPTR_ppbv, Octanal_NOAAPTR_ppbv, Monoterpenes_NOAAPTR_ppbv, Nonanal_NOAAPTR_ppbv, C7H4ClF3_NOAAPTR_ppbv, C10H30O5Si5_NOAAPTR_ppbv
[from data line 7194]
81721.0, 6.73949, 0.11211, 0.20932, 1.28818, -0.00033, 0.03758, 1.98813, -0.00183, 0.03083, 0.04482, 0.01351, 0.00901, -0.00045, -0.00330, 0.00255, 0.00416, -0.00184, 0.00135, 0.01605, 0.02833, 0.00049, -0.00055 
81722.0, 6.72261, 0.11008, 0.31511, 1.13363, -0.00161, 0.03624, 1.99439, -0.00061, 0.03264, 0.06179, 0.00841, 0.00573, 0.00096, 0.00310, 0.00385, 0.00537, -0.00104, 0.00851, 0.00534, 0.00576, 0.00086, 0.00224 
81723.0, 7.49102, 0.09895, 0.34401, 1.35995, 0.00088, 0.01100, 2.05348, -0.00187, 0.03625, 0.04003, 0.02969, 0.01210, 0.00039, -0.00330, 0.00592, 0.00039, 0.00269, 0.00997, 0.01154, 0.01131, 0.00095, -0.00031 
81724.0, 6.84527, 0.13254, 0.40614, 0.86789, 0.00031, 0.03000, 2.02532, -0.00101, 0.04681, 0.04663, 0.02872, 0.02025, -0.00052, 0.00402, 0.00208, 0.00326, 0.00440, 0.00399, 0.01319, 0.00815, 0.00015, -0.00015 
81725.0, 7.37494, 0.11734, 0.35674, 1.18636, -0.00026, 0.04861, 1.97572, -0.00205, 0.04131, 0.05316, -0.00008, 0.00972, -0.00109, 0.00285, 0.00514, 0.00175, 0.00320, 0.00156, 0.00432, 0.00527, 0.00024, 0.00232 
81726.0, 6.60067, 0.11943, 0.32574, 1.21406, -0.00005, 0.05841, 2.00987, 0.00417, 0.02882, 0.05488, 0.00973, 0.01376, 0.00335, 0.00039, 0.00229, 0.00374, -0.00049, 0.00721, 0.00539, 0.00370, -0.00108, -0.00072 
81727.0, 6.93710, 0.10573, 0.31147, 1.05964, -0.00018, 0.03397, 2.02400, 0.00082, 0.01802, 0.05021, -0.00460, 0.01057, 0.00026, 0.00122, 0.00327, 0.00225, 0.00101, 0.00524, 0.00517, 0.00968, 0.00155, 0.00107 
81728.0, 6.64979, 0.11478, 0.32045, 1.00647, 0.00138, 0.02555, 2.03563, -0.00016, 0.01786, 0.04750, 0.00987, 0.00349, 0.00158, -0.00124, 0.00184, 0.00308, -0.00217, 0.00502, 0.00668, 0.00517, 0.00026, -0.00043 
81729.0, 7.55582, 0.11655, 0.34998, 1.19895, -0.00099, 0.07360, 2.02874, -0.00306, 0.01756, 0.03304, -0.01050, 0.01803, 0.00109, -0.00304, 0.00130, 0.00308, 0.00358, 0.00820, 0.00595, 0.00645, 0.00017, -0.00061 
81730.0, 7.30611, 0.11546, 0.35216, 1.03735, 0.00106, 0.08189, 2.00854, -0.00303, 0.04710, 0.04557, -0.00328, -0.00029, -0.00056, -0.00083, 0.00760, 0.00234, 0.00183, 0.00189, 0.01489, 0.01672, 0.00547, -0.00013 
81731.0, 6.71899, 0.10088, 0.41716, 0.94538, 0.00063, 0.00855, 1.99087, 0.00055, 0.04092, 0.04209, 0.00157, 0.00882, 0.00356, -0.00103, 0.00431, 0.00485, 0.00417, 0.00571, 0.01114, 0.01249, 0.00348, 0.00045 
81732.0, 6.80204, 0.11319, 0.44269, 1.07367, -0.00035, 0.04150, 2.01276, 0.00273, 0.00773, 0.05887, 0.00518, 0.01095, -0.00108, 0.00464, 0.00501, 0.00545, 0.00685, 0.00963, 0.01356, 0.00456, 0.00098, 0.00084 
81733.0, 6.79224, 0.11614, 0.38730, 1.03978, -0.00003, 0.06233, 2.02223, 0.00070, 0.04731, 0.05022, 0.03196, 0.01522, -0.00074, -0.00329, 0.00376, 0.00389, 0.00126, 0.00208, 0.00436, 0.00890, 0.00260, 0.00052 
81734.0, 7.52105, 0.12777, 0.36269, 1.09677, -0.00094, 0.06675, 2.07672, 0.00593, 0.08994, 0.06263, 0.01662, 0.01536, -0.00047, -0.00051, 0.00343, 0.00784, 0.00404, 0.00239, 0.02641, 0.02183, 0.00195, -0.00069 
81735.0, 7.69652, 0.11467, 0.29698, 1.06079, 0.00042, 0.03248, 2.08940, 0.00268, 0.07457, 0.04247, 0.03356, 0.02429, -0.00014, 0.00616, 0.00209, 0.00701, -0.00178, 0.00280, 0.02455, 0.01231, -0.00074, 0.00119 
81736.0, 7.24568, 0.12536, 0.41143, 0.93940, -0.00099, 0.03841, 2.07131, -0.00307, 0.04602, 0.05543, -0.01043, 0.01413, 0.00109, 0.00350, 0.00811, 0.00380, 0.00562, 0.00490, 0.01771, 0.00838, 0.00011, 0.00223 
81737.0, 7.10590, 0.10963, 0.52760, 1.05467, 0.00117, 0.06030, 2.07352, 0.00433, 0.07923, 0.06104, 0.01536, 0.00989, -0.00108, 0.00208, 0.00605, 0.00202, 0.00139, 0.01100, 0.02007, 0.01102, -0.00021, 0.00028 
81738.0, 7.72239, 0.11172, 0.41735, 1.12545, 0.00004, 0.07165, 2.11369, -0.00288, 0.09135, 0.06740, 0.00132, 0.01832, -0.00031, 0.00291, 0.00867, 0.00585, 0.00256, 0.01567, 0.03831, 0.01189, 0.00106, -0.00042 
81739.0, 6.77278, 0.11049, 0.37314, 1.45283, 0.00186, 0.03404, 2.00687, 0.00037, 0.06231, 0.05050, 0.03652, 0.00996, -0.00107, -0.00060, 0.00710, 0.00293, 0.00091, 0.00174, 0.02695, 0.02405, 0.00070, -0.00085 
81740.0, 6.80220, 0.10112, 0.42882, 1.20201, -0.00114, 0.04286, 2.04967, -0.00054, 0.04332, 0.05788, 0.01520, 0.02001, -0.00044, 0.00475, 0.00804, 0.00446, -0.00230, 0.00792, 0.01382, 0.02391, 0.00328, 0.00200 
81741.0, 6.81066, 0.12405, 0.43523, 1.16351, -0.00020, 0.05539, 2.00437, 0.00068, 0.05293, 0.04454, -0.00692, 0.01206, -0.00108, 0.00151, 0.00446, 0.00419, 0.00124, 0.00481, 0.00593, 0.01774, 0.00004, 0.00150 
81742.0, 7.37876, 0.11873, 0.34605, 1.17487, 0.00152, 0.02488, 2.02808, 0.00315, 0.03887, 0.04445, 0.00088, 0.01482, -0.00016, 0.00961, 0.00602, 0.00169, -0.00192, 0.01540, 0.01348, 0.01014, 0.00301, -0.00094 
81743.0, 7.00573, 0.12050, 0.33705, 1.29050, 0.00051, 0.02574, 2.03475, 0.00292, 0.07532, 0.05277, 0.00675, 0.00974, -0.00107, 0.00252, 0.00713, 0.00242, 0.00714, 0.00819, 0.01321, 0.01472, 0.00235, -0.00012 
81744.0, 6.61204, 0.11955, 0.31877, 1.10012, -0.00111, 0.07596, 2.10238, 0.00202, 0.03817, 0.04762, 0.03594, 0.01694, -0.00026, -0.00135, 0.00543, -0.00050, 0.00663, 0.01012, 0.00727, 0.00146, 0.00361, 0.00210 
81745.0, 7.25590, 0.10524, 0.33606, 1.36022, -0.00018, 0.04986, 2.08925, 0.00841, 0.06646, 0.06026, -0.00362, 0.01351, 0.00031, 0.00238, 0.00632, 0.00137, 0.00299, 0.01040, 0.01161, 0.00990, -0.00063, 0.00022 
81746.0, 7.27491, 0.10960, 0.38862, 1.09833, 0.00007, 0.05012, 2.01342, 0.00190, 0.04110, 0.05171, 0.00325, 0.01358, -0.00107, 0.00341, 0.00236, 0.00251, 0.00129, 0.00736, 0.01799, -0.00007, 0.00016, 0.00020 
81747.0, 6.99772, 0.11103, 0.36057, 1.05423, -0.00100, 0.05962, 2.02641, 0.00012, 0.03203, 0.06093, -0.00111, 0.00472, 0.00268, 0.00457, 0.00351, 0.00658, 0.00062, 0.00775, 0.00922, 0.01471, -0.00014, 0.00073 
81748.0, 6.93670, 0.12063, 0.35104, 0.88403, 0.00116, 0.06299, 2.04271, 0.00438, 0.03350, 0.06409, -0.00790, 0.00990, 0.00059, -0.00264, 0.00154, 0.00120, 0.00199, 0.01705, 0.01020, 0.02209, 0.00021, -0.00076 
81749.0, 7.39605, 0.10753, 0.35831, 1.32811, 0.00191, 0.04030, 1.99061, -0.00227, 0.06061, 0.07585, 0.02245, 0.00379, 0.00076, 0.00443, 0.00581, 0.00374, 0.00121, 0.00079, 0.01602, 0.00427, -0.00109, 0.00071 
81750.0, 6.62304, 0.11704, 0.40564, 1.14547, 0.00168, 0.03658, 1.98025, -0.00304, 0.02158, 0.05778, 0.01018, 0.00554, -0.00107, 0.00431, 0.00815, 0.00351, 0.00382, 0.00467, 0.00720, 0.00961, 0.00216, 0.00116 
81751.0, 6.21191, 0.11397, 0.38902, 1.27959, 0.00131, 0.04852, 1.99259, -0.00216, 0.01867, 0.07408, -0.01835, 0.01124, -0.00107, 0.00316, 0.00939, 0.00528, -0.00024, 0.00399, 0.01650, 0.01772, 0.00062, -0.00020 
81752.0, 6.59086, 0.12683, 0.27570, 1.11187, 0.00035, 0.05785, 1.94204, -0.00203, 0.03217, 0.06737, 0.02309, 0.00582, -0.00107, 0.00379, 0.00274, 0.00357, 0.00152, 0.00339, 0.01183, 0.01314, -0.00209, 0.00062 
81753.0, 7.81612, 0.11733, 0.33818, 1.20754, 0.00078, 0.03189, 1.93005, -0.00022, 0.03023, 0.05893, 0.00170, 0.01596, 0.00134, -0.00079, 0.00539, 0.00127, 0.00109, 0.00920, 0.01336, 0.01984, 0.00108, 0.00159 
81754.0, 7.14331, 0.11401, 0.37341, 1.46572, -0.00094, 0.07964, 2.03658, 0.00091, 0.02983, 0.07355, -0.01072, 0.01663, 0.00270, -0.00173, 0.00192, 0.00331, 0.00286, 0.01932, 0.00615, 0.00635, 0.00251, 0.00162 
81755.0, 7.78276, 0.11415, 0.43986, 0.99236, -0.00025, 0.05881, 1.98211, -0.00308, 0.07282, 0.09675, -0.01225, -0.00152, 0.00262, 0.00149, 0.00057, 0.00183, 0.00220, 0.00950, 0.01186, 0.00427, 0.00016, 0.00109 
81756.0, 6.38689, 0.12191, 0.38744, 1.29327, 0.00079, 0.05411, 2.05176, 0.00473, 0.07690, 0.09804, 0.01109, 0.01253, 0.00094, -0.00195, 0.00416, 0.00378, 0.00197, 0.00147, 0.00900, 0.00816, 0.00042, 0.00133 
81757.0, 8.00954, 0.13554, 0.34879, 0.98894, -0.00051, 0.05720, 1.95499, -0.00209, 0.07737, 0.09318, -0.01571, 0.00604, -0.00106, 0.00242, 0.00268, 0.00193, -0.00230, 0.00847, 0.01204, 0.00913, -0.00095, 0.00101 
81758.0, 7.08997, 0.13877, 0.41943, 1.67592, 0.00045, 0.07600, 2.05302, 0.00032, 0.22606, 0.19186, 0.01061, 0.01989, 0.00067, 0.00180, 0.00251, 0.00326, -0.00007, 0.00174, 0.01530, 0.01232, 0.00216, 0.00113 
81759.0, 6.84467, 0.11717, 0.41466, 1.06075, 0.00115, 0.04182, 2.05815, 0.00283, 0.17577, 0.15715, -0.00399, 0.01030, 0.00015, 0.00272, 0.00229, 0.00071, 0.00741, 0.01303, 0.00560, 0.01309, 0.00176, -0.00086 
81760.0, 7.45377, 0.11052, 0.53194, 1.21608, 0.00151, 0.07902, 2.00360, 0.00705, 0.28963, 0.22480, 0.00206, 0.02129, -0.00106, 0.00032, 0.00304, 0.00277, -0.00097, 0.00799, 0.01929, 0.00783, 0.00070, 0.00008 
81761.0, 7.53081, 0.12097, 0.45485, 1.43035, 0.00068, 0.06888, 2.13182, -0.00207, 0.21562, 0.19579, -0.01073, 0.00365, 0.00021, -0.00038, 0.00171, 0.00611, 0.00744, 0.00206, 0.01162, 0.01346, -0.00052, -0.00079 
81762.0, 8.04659, 0.11688, 0.39124, 1.21696, 0.00094, 0.05170, 2.05545, 0.00364, 0.06015, 0.07325, 0.00074, 0.00574, 0.00151, -0.00282, 0.00385, 0.00662, 0.00333, 0.01016, 0.00791, 0.00896, -0.00002, 0.00281 
81763.0, 7.09122, 0.12399, 0.32336, 1.17173, -0.00045, 0.05831, 2.12950, -0.00264, 0.05522, 0.09706, -0.01190, 0.01477, 0.00022, 0.00001, 0.00078, 0.00399, 0.00211, 0.00756, 0.01105, 0.00515, 0.00073, -0.00049 
81764.0, 6.53955, 0.10839, 0.32775, 0.94495, -0.00139, 0.07296, 2.03799, 0.00072, 0.04316, 0.10073, 0.03495, 0.01326, 0.00133, -0.00240, 0.00737, 0.00184, 0.00710, -0.00061, 0.01058, 0.00882, 0.00276, 0.00058 
81765.0, 7.02697, 0.11109, 0.33144, 1.35501, -0.00039, 0.08204, 2.01267, 0.00258, 0.03858, 0.09194, 0.01487, 0.00451, -0.00070, 0.00253, 0.00275, 0.00180, 0.01074, 0.00606, 0.01037, 0.00413, -0.00135, 0.00033 
81766.0, 6.96236, 0.11117, 0.26860, 1.14612, 0.00266, 0.04923, 2.03481, -0.00125, 0.04576, 0.10313, 0.00542, 0.01247, 0.00600, 0.00034, 0.00682, 0.00687, -0.00112, 0.00262, 0.01126, 0.00917, 0.00187, 0.00082 
81767.0, 6.33753, 0.12447, 0.33374, 1.08147, 0.00236, 0.05272, 1.99817, 0.00233, 0.02091, 0.10098, -0.01563, 0.01408, -0.00066, 0.00567, 0.00150, 0.00484, 0.00303, 0.00927, 0.00875, 0.01210, 0.00328, 0.00112 
81768.0, 7.03451, 0.10274, 0.32330, 1.21399, 0.00081, 0.03525, 1.96962, 0.00325, 0.04110, 0.10414, -0.01828, 0.00421, -0.00105, 0.00321, 0.00325, 0.00107, 0.00017, 0.00628, 0.00753, 0.01123, -0.00057, 0.00078 
81769.0, 7.05618, 0.10923, 0.33726, 1.10940, -0.00006, 0.03227, 1.99948, 0.00032, 0.04238, 0.10290, -0.00409, 0.01760, -0.00105, 0.00397, 0.00389, 0.00092, 0.00503, 0.00684, 0.00702, 0.01856, 0.00163, -0.00033 
81770.0, 6.93080, 0.10240, 0.33147, 1.31343, 0.00072, 0.04976, 2.01899, 0.00108, 0.05915, 0.11512, -0.00330, 0.01022, 0.00092, -0.00033, 0.00344, 0.00370, 0.00024, 0.00826, 0.00377, 0.01307, -0.00042, -0.00062 
81771.0, 7.16523, 0.11553, 0.36907, 1.39020, -0.00044, 0.05427, 2.02212, -0.00309, 0.18571, 0.18744, 0.00995, 0.00418, 0.00237, 0.00830, 0.00179, 0.00599, 0.01712, 0.00232, 0.01159, 0.01307, 0.00119, 0.00139 
81772.0, 7.75164, 0.11825, 0.39656, 1.16191, 0.00069, 0.07491, 2.01881, -0.00146, 0.10728, 0.15142, -0.00477, 0.01702, -0.00105, -0.00079, 0.00448, 0.00586, 0.00291, 0.00461, 0.00575, 0.02230, 0.00196, 0.00046 
81773.0, 5.88443, 0.11963, 0.37719, 1.05616, 0.00102, 0.06062, 2.00921, 0.00052, 0.05368, 0.10897, -0.00287, 0.00569, -0.00040, 0.00486, 0.00407, 0.00402, 0.00058, 0.00736, 0.00707, 0.01200, 0.00255, 0.00112 
81774.0, 7.98703, 0.10280, 0.37236, 1.16673, -0.00062, 0.03350, 2.02928, 0.00314, 0.03863, 0.12660, 0.00769, 0.00121, -0.00005, -0.00185, 0.00274, 0.00224, 0.00003, 0.00124, 0.01412, 0.01515, 0.00098, 0.00007 
81775.0, 7.20354, 0.12476, 0.37087, 0.94204, -0.00161, 0.03013, 2.00162, -0.00244, 0.09783, 0.13492, -0.01031, 0.01223, 0.00164, -0.00247, 0.00133, 0.00075, 0.00345, 0.00334, 0.00679, 0.01341, -0.00108, 0.00138 
81776.0, 7.49316, 0.10562, 0.35582, 1.40279, -0.00160, 0.04362, 2.06830, -0.00142, 0.12129, 0.18449, 0.00080, 0.02034, -0.00105, -0.00087, -0.00040, -0.00017, 0.00145, 0.00511, 0.01088, 0.00973, 0.00107, 0.00095 
81777.0, 7.16284, 0.11604, 0.45298, 1.35047, 0.00085, 0.05689, 1.99559, -0.00176, 0.14434, 0.19590, 0.00204, 0.01928, -0.00104, -0.00118, 0.00643, 0.00197, -0.00165, 0.01792, 0.01384, 0.00914, 0.00011, 0.00058 
81778.0, 7.50721, 0.11004, 0.40972, 1.25944, -0.00006, 0.03084, 2.07889, 0.00164, 0.17744, 0.25071, 0.00561, 0.00650, 0.00075, 0.00584, 0.00353, 0.00195, 0.00124, 0.00854, 0.01346, 0.00886, 0.00253, -0.00106 
81779.0, 7.00915, 0.12769, 0.50478, 1.48180, -0.00030, 0.08208, 2.05029, 0.00026, 0.18964, 0.22290, 0.01009, 0.01133, 0.00113, 0.00991, 0.00702, 0.00352, 0.00626, 0.00174, 0.01332, 0.01182, 0.00248, 0.00189 
81780.0, 7.48317, 0.10748, 0.44337, 1.39175, 0.00022, 0.06160, 2.11406, 0.00313, 0.18174, 0.22636, -0.01654, 0.00957, 0.00094, -0.00028, 0.00019, 0.00165, -0.00068, 0.00819, 0.01374, 0.03095, 0.00265, 0.00092 
81781.0, 7.76672, 0.12104, 0.38354, 1.23968, 0.00076, 0.08605, 2.03640, -0.00113, 0.14858, 0.21589, -0.00169, 0.01596, -0.00104, 0.00418, 0.00329, 0.00144, 0.00737, 0.00223, 0.01372, -0.00095, 0.00198, -0.00055 
81782.0, 6.99696, 0.12149, 0.42500, 1.57370, -0.00098, 0.07060, 2.04088, -0.00309, 0.16997, 0.20935, -0.00502, 0.00607, -0.00104, -0.00296, 0.00427, 0.00117, 0.00282, 0.00879, 0.00794, 0.01020, 0.00149, 0.00012 
81783.0, 7.38206, 0.11209, 0.41532, 1.47386, -0.00072, 0.04740, 2.04357, 0.00274, 0.21217, 0.21817, 0.00099, 0.00879, 0.00246, 0.00597, 0.00581, 0.00029, 0.00599, 0.00882, 0.01303, 0.01133, 0.00372, -0.00106 
81784.0, 7.45997, 0.11251, 0.38194, 1.50554, 0.00002, 0.06180, 2.05045, -0.00215, 0.19926, 0.25122, 0.01276, 0.00967, 0.00276, 0.01118, 0.00565, 0.00409, -0.00229, 0.00284, 0.00758, 0.01385, 0.00064, -0.00061 
81785.0, 7.73753, 0.11098, 0.42340, 1.54257, 0.00073, 0.08434, 2.02340, 0.01369, 0.26290, 0.25134, -0.00279, 0.01077, -0.00104, -0.00195, 0.00185, 0.00301, -0.00229, 0.01733, 0.00737, 0.01070, 0.00163, -0.00106 
81786.0, 6.44285, 0.12206, 0.47757, 1.53956, -0.00045, 0.04301, 2.05894, -0.00036, 0.37744, 0.26525, 0.00937, 0.00512, -0.00094, 0.00794, 0.00083, -0.00063, 0.00059, 0.01402, 0.00932, 0.00795, 0.00227, 0.00010 
81787.0, 7.08242, 0.12374, 0.49433, 1.44371, 0.00122, 0.07916, 2.11513, 0.00097, 0.54730, 0.25733, 0.01356, 0.01418, -0.00104, 0.00164, 0.00040, 0.00142, -0.00169, 0.00431, 0.02351, 0.00547, 0.00672, -0.00043 
81788.0, 7.45375, 0.09789, 0.38688, 1.44523, 0.00169, 0.05592, 2.01551, -0.00039, 0.38502, 0.26416, 0.02305, 0.01713, 0.00222, -0.00134, 0.00530, 0.00099, 0.00512, 0.00499, 0.01606, 0.00953, 0.00208, 0.00112 
81789.0, 7.03800, 0.10933, 0.45284, 1.49898, 0.00188, 0.06566, 2.02412, -0.00301, 0.25082, 0.25913, 0.02363, 0.02417, -0.00103, -0.00041, 0.00299, 0.00241, -0.00119, 0.00686, 0.02230, -0.00026, 0.00081, 0.00070 
81790.0, 7.79276, 0.11398, 0.43127, 1.19789, 0.00014, 0.05662, 2.06209, -0.00191, 0.16821, 0.26641, -0.00935, 0.01255, -0.00103, -0.00178, 0.00429, 0.00262, 0.00224, 0.01183, 0.01412, 0.00895, 0.00072, -0.00059 
81791.0, 6.69626, 0.12616, 0.52717, 1.45712, -0.00156, 0.06291, 2.10367, -0.00106, 0.12503, 0.26935, -0.00009, 0.00771, -0.00103, 0.00189, 0.00591, 0.00023, 0.00186, 0.00619, 0.00879, 0.00498, 0.00075, 0.00088 
81792.0, 7.64490, 0.11625, 0.34304, 1.04561, -0.00060, 0.04885, 2.02970, 0.00445, 0.16946, 0.22406, 0.02032, 0.00620, -0.00102, -0.00152, 0.00097, 0.00284, 0.00421, -0.00181, 0.02078, 0.00524, 0.00409, 0.00013 
81793.0, 7.31749, 0.12737, 0.41729, 1.76434, 0.00157, 0.06146, 2.00586, 0.00163, 0.13223, 0.25234, 0.00502, 0.00917, 0.00129, -0.00014, 0.00436, 0.00242, 0.00045, 0.01290, 0.01007, 0.01305, -0.00171, -0.00027 
81794.0, 7.13788, 0.11705, 0.41937, 1.14331, -0.00132, 0.09161, 2.04134, 0.00251, 0.18990, 0.24468, 0.01667, 0.00428, -0.00053, 0.00092, 0.00307, 0.00119, 0.00067, 0.00933, 0.01604, 0.01404, -0.00054, 0.00048 
81795.0, 6.97827, 0.11196, 0.50344, 1.24127, -0.00136, 0.08488, 2.06507, -0.00310, 0.16092, 0.21514, 0.00156, 0.01931, -0.00103, -0.00060, 0.00642, 0.00129, 0.00454, 0.00523, 0.01806, 0.02293, 0.00183, 0.00006 
