src/spatiotemporal_analysis/AEROMMA_MetNav_DC8_20230822.ict
77, 1001
Project Office
National Suborbital Research Center [Bay Area Environmental Research Institute @ NASA Ames Research Center]
N817NA Meteorological and Navigation Facility Instrumentation
AEROMMA
1,1
2023,08,22,2024,06,13
1
Time_Start, seconds (from midnight UTC)
35
1,1,1,1,1,1,1,1,1,1,1,1,1,1,1,1,1,1,1,1,1,1,1,1,1,1,1,1,1,1,1,1,1,1,1
-9999,-9999,-9999,-9999,-9999,-9999,-9999,-9999,-9999,-9999,-9999,-9999,-9999,-9999,-9999,-9999,-9999,-9999,-9999,-9999,-9999,-9999,-9999,-9999,-9999,-9999,-9999,-9999,-9999,-9999,-9999,-9999,-9999,-9999,-9999
Day_Of_Year, day, None, calendar day beginning January 1
Latitude, deg, Platform_Latitude_InSitu_None
Longitude, deg, Platform_Longitude_InSitu_None
MSL_GPS_Altitude, m, Platform_AltitudeMSL_InSitu_None
HAE_GPS_Altitude, m, Platform_AltitudeEllipsoid_InSitu_None, reference WGS-84
Pressure_Altitude, ft, Platform_AltitudePressure_InSitu_None
Radar_Altitude, ft, Platform_AltitudeAGL_InSitu_None
Ground_Speed, m/s, Platform_GroundSpeed_InSitu_None
True_Air_Speed, kts, Platform_AircraftTrueAirSpeed_InSitu_None
Indicated_Air_Speed, kts, Platform_AircraftIndicatedAirSpeed_InSitu_None
Mach_Number, mach, None
Vertical_Speed, m/s, None
True_Heading, deg 0-360, Platform_HeadingTrue_InSitu_None, cw from +y
Track_Angle, deg 0-360, Platform_TrackAngle_InSitu_None, cw from +y
Drift_Angle, deg +-180, Platform_DriftAngle_InSitu_None, cw from +y
Pitch_Angle, deg +-180, Platform_PitchAngle_InSitu_None, up+
Roll_Angle, deg +-180, Platform_RollAngle_InSitu_None, rt+
Static_Air_Temp, degrees Celcius, Met_StaticAirTemperature_InSitu_None
Potential_Temp, Kelvin, Met_PotentialTemperature_InSitu_None
DewFrost_Point, degrees Celcius, Met_DewPoint_InSitu_None
Total_Air_Temp, degrees Celcius, None
IR_Surf_Temp, degrees Celcius, Met_SufaceTemperature_InSitu_None
Static_Pressure, hPa, Met_StaticPressure_InSitu_None
Cabin_Pressure, hPa, None
Wind_Speed, m/s, Met_WindSpeed_InSitu_None, limited to where Roll_Angle does not exceed 5 degrees
Wind_Direction, deg 0-360 cw from +y, Met_WindDirection_InSitu_None, limited to where Roll_Angle does not exceed 5 degrees
Solar_Zenith_Angle, deg, Platform_SolarZenithAngle_InSitu_None
Aircraft_Sun_Elevation, deg, None
Sun_Azimuth, deg, Platform_SolarAzimuthAngle_InSitu_None
Aircraft_Sun_Azimuth, deg, None
Mixing_Ratio, g/kg, Met_H2OMR_InSitu_None
Part_Press_Water_Vapor, hPa, Met_PartialPressureH2O_InSitu_None
Sat_Vapor_Press_H2O, hPa, Met_SatVaporPressureH2OWater_InSitu_None
Sat_Vapor_Press_Ice, hPa, Met_SatVaporPressureH2OIce_InSitu_None
Relative_Humidity, percent, Met_RelativeHumidityWater_InSitu_None
0
28
PI_CONTACT_INFO: NSRC MetNav PI - Ryan Bennett - joseph.r.bennett@nasa.gov & r.bennett@baeri.org.
Platform: NASA DC-8 N817NA
LOCATION: Included in data records
ASSOCIATED_DATA: This flight represents the AEROMMA project research flight out of Palmdale, CA (West Coast Urban - Central Valley)
INSTRUMENT_INFO: 
	Position, attitude, ground speed, and vertical speed from UNS-1Fw FMS
	Wind_Speed and Wind_Direction calculated from UNS-1Fw FMS, Aircraft Data System-85
	Radar_Altitude from APN-232
	Total_Air_Temperature from Rosemount 102 type deiced
	IR_Surface_Temp from KT-19.85
    Cabin_Pressure from MKS Baratron 220D
	DewFrost_Point and calculated water vapor parameters from Buck Hygrometer
[...]
ULOD_FLAG:-7777
ULOD_VALUE:366,90,180,N/A,N/A,57343,65000,N/A,600,510,0.99,104.04,360,360,180,180,180,60,N/A,90,99,200,N/A,1333.22,N/A,360,N/A,N/A,N/A,N/A,N/A,N/A,N/A,N/A,N/A
LLOD_FLAG:-8888
LLOD_VALUE:0,-90,-180,N/A,N/A,-1871,0,0,0,0,0,-104.04,0,0,-180,-180,-180,-99,N/A,-60,-60,-50,N/A,0.66,0,0,N/A,N/A,N/A,N/A,N/A,N/A,N/A,N/A,N/A
DM_CONTACT_INFO: Ryan Bennett - joseph.r.bennett@nasa.gov & r.bennett@baeri.org.
PROJECT_INFO: N/A
STIPULATIONS_ON_USE: Please first contact the PI/data manager with questions before use.
OTHER_COMMENTS: Wind Speed and Wind Direction flagged where Roll_Angle exceeds 5 degrees. 
REVISION: R1
R1: Adjusted start and stop time to match previously defined start/end of flight. NO CHANGE TO DATA.
R0: Preliminary public release data; no updates anticipated. This replaces the previous RA (reduced MetNav) file.
RA: 'Reduced' preliminary data
Time_Start,Day_Of_Year,Latitude,Longitude,MSL_GPS_Altitude,HAE_GPS_Altitude,Pressure_Altitude,Radar_Altitude,Ground_Speed,True_Air_Speed,Indicated_Air_Speed,Mach_Number,Vertical_Speed,True_Heading,Track_Angle,Drift_Angle,Pitch_Angle,Roll_Angle,Static_Air_Temp,Potential_Temp,DewFrost_Point,Total_Air_Temp,IR_Surf_Temp,Static_Pressure,Cabin_Pressure,Wind_Speed,Wind_Direction,Solar_Zenith_Angle,Aircraft_Sun_Elevation,Sun_Azimuth,Aircraft_Sun_Azimuth,Mixing_Ratio,Part_Press_Water_Vapor,Sat_Vapor_Press_H2O,Sat_Vapor_Press_Ice,Relative_Humidity
[from data line 3461]
77988,234,38.7812233,-121.5997696,521,-9999,1603,1696.0,81.70,-8888,154.60,0.239,-5.8,179.20,179.50,0.5,-3.89,1.16,22.20,299.2,-8888,25.5,32.6,955.90,1029.2,-8888,-9999,33.6,59.8,-137.8,46.6,-9999,-9999,27.02,33.47,-9999
77989,234,38.7805367,-121.5997696,513,-9999,1578,1657.5,81.90,-8888,154.70,0.239,-6.5,179.52,179.50,0.2,-3.36,1.41,22.20,299.1,-8888,25.8,31.6,956.80,1029.5,-8888,-9999,33.6,59.6,-137.8,45.3,-9999,-9999,27.02,33.47,-9999
77990,234,38.7798500,-121.5997696,505,-9999,1553,1631.5,82.10,-8888,156.60,0.242,-7.0,179.76,179.60,0.0,-3.02,1.75,22.20,299.0,-8888,25.8,30.9,957.70,1029.4,1.2,190.6,33.7,59.6,-137.8,44.3,-9999,-9999,27.02,33.47,-9999
77991,234,38.7789917,-121.5997696,497,-9999,1528,1604.5,82.20,-8888,158.10,0.244,-7.3,179.81,179.70,-0.1,-2.86,1.31,22.20,299.0,-8888,25.8,30.1,958.50,1029.3,1.8,184.8,33.7,59.2,-137.7,44.5,-9999,-9999,27.02,33.47,-9999
77992,234,38.7783051,-121.5995979,490,-9999,1505,1579.0,82.40,-8888,158.40,0.244,-7.4,179.76,179.80,0.0,-2.61,1.20,22.50,299.2,-8888,26.0,30.0,959.30,1029.2,1.8,177.9,33.7,58.9,-137.7,44.4,-9999,-9999,27.52,34.19,-9999
77993,234,38.7776184,-121.5995979,483,-9999,1482,1538.0,82.40,-8888,157.60,0.243,-7.2,179.70,179.90,0.1,-2.49,1.18,22.50,299.1,-8888,26.0,30.9,960.10,1029.5,1.4,168.1,33.7,58.8,-137.7,44.4,-9999,-9999,27.52,34.19,-9999
77994,234,38.7767601,-121.5997696,477,-9999,1461,1519.0,82.50,-8888,157.40,0.242,-6.9,179.56,179.90,0.3,-2.58,0.62,22.50,299.0,-8888,26.0,32.6,960.90,1029.1,1.2,155.6,33.7,58.5,-137.7,45.3,-9999,-9999,27.52,34.19,-9999
77995,234,38.7760735,-121.5995979,471,-9999,1440,1496.5,82.50,-8888,157.00,0.242,-6.6,179.49,179.90,0.4,-2.59,0.38,22.80,299.3,-8888,26.2,34.8,961.60,1029.5,1.1,146.3,33.7,58.3,-137.7,45.6,-9999,-9999,28.03,34.91,-9999
77996,234,38.7753868,-121.5995979,465,-9999,1421,1508.0,82.60,-8888,156.80,0.241,-6.3,179.37,179.90,0.4,-2.59,0.68,22.80,299.2,-8888,26.2,36.1,962.30,1029.5,-8888,-9999,33.7,58.5,-137.7,45.4,-9999,-9999,28.03,34.91,-9999
77997,234,38.7745285,-121.5995979,459,-9999,1401,1489.0,82.50,-8888,156.20,0.240,-6.1,179.16,179.90,0.6,-2.66,1.38,22.80,299.2,-8888,26.2,35.7,963.00,1029.3,1.2,114.6,33.7,59.1,-137.7,45.0,-9999,-9999,28.03,34.91,-9999
77998,234,38.7738419,-121.5995979,452,-9999,1382,1468.5,82.40,-8888,155.60,0.239,-6.0,178.95,179.80,0.8,-2.74,1.87,22.80,299.1,-8888,26.2,34.5,963.70,1029.5,1.2,98.7,33.7,59.4,-137.7,44.7,-9999,-9999,28.03,34.91,-9999
77999,234,38.7731552,-121.5995979,446,-9999,1362,1444.5,82.30,-8888,157.10,0.242,-6.0,178.75,179.90,1.1,-2.72,2.45,22.80,299.0,-8888,26.2,32.6,964.40,1029.4,1.9,120.4,33.7,59.8,-137.7,44.3,-9999,-9999,28.03,34.91,-9999
78000,234,38.7722969,-121.5995979,439,-9999,1341,1397.0,82.30,-8888,156.80,0.241,-6.1,178.70,180.00,1.3,-2.47,3.00,23.00,299.2,-8888,26.2,31.0,965.10,1029.2,2.0,112.4,33.7,60.0,-137.7,43.4,-9999,-9999,28.37,35.40,-9999
78001,234,38.7716103,-121.5995979,432,-9999,1319,1372.5,82.10,-8888,155.90,0.240,-6.3,178.82,180.10,1.3,-2.25,3.44,23.00,299.1,-8888,26.2,29.9,965.90,1029.3,1.9,104.7,33.7,60.2,-137.7,42.4,-9999,-9999,28.37,35.40,-9999
78002,234,38.7709236,-121.5995979,425,-9999,1299,1367.5,82.00,-8888,155.50,0.239,-6.3,178.95,180.30,1.4,-2.09,3.24,23.00,299.0,-8888,26.5,30.2,966.60,1029.0,2.0,101.3,33.7,59.9,-137.7,42.4,-9999,-9999,28.37,35.40,-9999
78003,234,38.7702370,-121.5995979,419,-9999,1277,1347.5,81.90,-8888,155.80,0.239,-6.3,179.35,180.50,1.3,-2.08,2.83,23.20,299.2,-8888,26.5,30.4,967.40,1029.3,1.8,109.9,33.7,59.6,-137.7,42.4,-9999,-9999,28.71,35.90,-9999
78004,234,38.7693787,-121.5997696,412,-9999,1257,1330.0,81.90,-8888,156.50,0.240,-6.3,179.87,180.70,1.1,-2.26,2.55,23.20,299.1,-8888,26.5,30.4,968.10,1029.2,1.6,130.2,33.7,59.6,-137.7,42.4,-9999,-9999,28.71,35.90,-9999
78005,234,38.7686920,-121.5997696,406,-9999,1236,1307.0,81.70,-8888,157.40,0.241,-6.3,180.42,180.90,0.7,-1.97,2.57,23.20,299.0,-8888,26.5,30.2,968.80,1029.2,1.8,158.5,33.7,59.4,-137.6,41.5,-9999,-9999,28.71,35.90,-9999
78006,234,38.7680054,-121.5997696,400,-9999,1217,1285.5,81.50,-8888,156.90,0.240,-6.2,180.91,181.00,0.3,-1.18,1.96,23.20,299.0,-8888,26.8,30.1,969.50,1029.2,1.6,176.3,33.7,58.4,-137.6,40.8,-9999,-9999,28.71,35.90,-9999
78007,234,38.7671471,-121.5997696,395,-9999,1200,1268.0,81.30,-8888,156.70,0.240,-5.9,181.40,181.10,-0.1,-0.85,0.48,23.20,298.9,-8888,26.8,29.9,970.10,1029.0,1.8,195.4,33.7,57.1,-137.6,41.7,-9999,-9999,28.71,35.90,-9999
78008,234,38.7664604,-121.5997696,391,-9999,1185,1256.0,81.20,-8888,155.40,0.238,-5.4,181.75,181.10,-0.5,-1.05,-1.03,23.50,299.2,-8888,26.8,29.9,970.60,1029.0,1.4,224.3,33.7,56.3,-137.6,43.2,-9999,-9999,29.24,36.66,-9999
78009,234,38.7657738,-121.5997696,387,-9999,1172,1247.5,80.90,-8888,153.70,0.235,-4.6,181.86,181.00,-0.9,-1.96,-2.63,23.50,299.1,-8888,27.0,30.2,971.10,1029.1,1.3,253.2,33.7,55.8,-137.6,45.7,-9999,-9999,29.24,36.66,-9999
78010,234,38.7650871,-121.5997696,383,-9999,1159,1237.0,80.70,-8888,150.60,0.231,-4.2,181.53,180.70,-1.1,-2.50,-2.91,23.80,299.4,-8888,27.0,30.6,971.50,1029.0,1.6,314.6,33.7,55.9,-137.6,46.9,-9999,-9999,29.77,37.44,-9999
78011,234,38.7642288,-121.5997696,379,-9999,1146,1222.0,80.60,-8888,151.60,0.232,-4.1,180.84,180.30,-0.8,-2.58,-1.04,23.80,299.4,-8888,27.0,31.3,972.00,1028.9,-8888,-9999,33.7,57.3,-137.6,45.8,-9999,-9999,29.77,37.44,-9999
78012,234,38.7635422,-121.5997696,374,-9999,1132,1203.0,80.60,-8888,150.80,0.230,-4.1,180.16,180.10,-0.4,-2.56,1.18,24.00,299.5,-8888,27.0,31.9,972.50,1029.0,1.0,355.3,33.7,58.8,-137.6,44.1,-9999,-9999,30.13,37.96,-9999
78013,234,38.7628555,-121.5997696,369,-9999,1117,1183.5,80.40,-8888,151.40,0.232,-4.2,179.58,180.00,0.1,-1.93,1.81,23.80,299.3,-8888,27.0,33.2,973.00,1029.0,-8888,-9999,33.7,58.8,-137.6,43.3,-9999,-9999,29.77,37.44,-9999
78014,234,38.7621689,-121.5997696,363,-9999,1101,1164.5,80.20,-8888,151.80,0.232,-4.5,179.20,179.90,0.6,-1.28,1.27,23.80,299.2,-8888,27.0,34.6,973.60,1028.9,-8888,-9999,33.7,58.0,-137.6,43.6,-9999,-9999,29.77,37.44,-9999
78015,234,38.7614822,-121.5997696,358,-9999,1086,1146.5,80.10,-8888,151.50,0.232,-4.6,179.25,180.00,0.8,-1.01,1.73,23.80,299.2,-8888,27.0,35.9,974.10,1029.0,1.1,84.2,33.7,58.1,-137.6,42.7,-9999,-9999,29.77,37.44,-9999
78016,234,38.7606239,-121.5997696,353,-9999,1070,1130.5,80.10,-8888,151.40,0.231,-4.7,179.56,180.10,0.7,-1.19,2.61,24.00,299.3,-8888,27.0,37.1,974.70,1028.8,-8888,-9999,33.7,58.8,-137.6,41.6,-9999,-9999,30.13,37.96,-9999
78017,234,38.7599373,-121.5997696,347,-9999,1054,1112.0,80.30,-8888,151.40,0.231,-4.8,179.84,180.20,0.5,-1.57,2.96,23.80,299.1,-8888,27.0,38.1,975.20,1029.0,-8888,-9999,33.7,59.3,-137.6,41.2,-9999,-9999,29.77,37.44,-9999
78018,234,38.7592506,-121.5997696,342,-9999,1038,1093.5,80.10,-8888,152.40,0.233,-4.8,180.04,180.40,0.4,-1.36,3.19,23.80,299.0,-8888,27.0,39.1,975.80,1028.6,-8888,-9999,33.7,59.3,-137.6,40.5,-9999,-9999,29.77,37.44,-9999
78019,234,38.7585640,-121.5997696,337,-9999,1022,1080.0,80.30,-8888,154.90,0.237,-4.9,180.49,180.60,0.4,-0.92,3.30,23.80,299.0,-8888,27.0,40.0,976.40,1028.9,1.4,174.2,33.7,59.0,-137.6,39.4,-9999,-9999,29.77,37.44,-9999
78020,234,38.7578774,-121.5997696,333,-9999,1007,1062.5,80.30,-8888,154.40,0.236,-4.8,181.03,180.80,0.1,-0.62,2.48,24.00,299.1,-8888,27.2,40.4,976.90,1028.8,1.1,197.4,33.7,58.2,-137.5,39.6,-9999,-9999,30.13,37.96,-9999
78021,234,38.7570190,-121.5997696,329,-9999,993,1053.0,80.30,-8888,152.90,0.233,-4.6,181.76,181.10,-0.3,-0.86,2.20,24.00,299.1,-8888,27.2,40.9,977.40,1028.9,1.1,243.1,33.7,58.2,-137.5,39.4,-9999,-9999,30.13,37.96,-9999
78022,234,38.7563324,-121.5999413,326,-9999,980,1040.5,80.30,-8888,150.90,0.230,-4.3,182.36,181.30,-0.8,-1.08,3.10,24.20,299.3,-8888,27.2,41.2,977.90,1029.0,1.6,297.2,33.7,58.9,-137.5,37.9,-9999,-9999,30.49,38.49,-9999
78023,234,38.7556458,-121.5999413,321,-9999,968,1031.0,80.10,-8888,151.60,0.231,-4.0,182.53,181.50,-0.9,-1.06,3.14,24.20,299.2,-8888,27.5,41.0,978.30,1028.5,1.5,279.9,33.7,58.9,-137.5,37.6,-9999,-9999,30.49,38.49,-9999
78024,234,38.7549591,-121.5999413,316,-9999,956,1015.5,80.10,-8888,152.80,0.233,-3.8,182.74,181.70,-0.9,-1.15,2.01,24.20,299.2,-8888,27.5,40.5,978.70,1027.9,1.5,253.3,33.7,58.3,-137.5,38.9,-9999,-9999,30.49,38.49,-9999
78025,234,38.7541008,-121.5999413,312,-9999,942,1001.0,80.10,-8888,153.40,0.234,-3.8,182.97,182.00,-0.9,-1.21,1.04,24.20,299.1,-8888,27.5,39.8,979.20,1027.5,1.6,242.1,33.7,57.7,-137.5,39.9,-9999,-9999,30.49,38.49,-9999
78026,234,38.7534142,-121.5999413,308,-9999,929,985.0,80.10,-8888,153.10,0.233,-3.9,183.16,182.10,-1.0,-1.38,0.73,24.20,299.1,-8888,27.5,39.6,979.70,1028.1,1.6,250.7,33.7,57.7,-137.5,40.3,-9999,-9999,30.49,38.49,-9999
78027,234,38.7527275,-121.5999413,304,-9999,915,968.0,80.10,-8888,152.60,0.233,-4.1,183.31,182.10,-1.1,-1.52,0.96,24.20,299.1,-8888,27.5,39.4,980.20,1027.9,1.7,262.7,33.7,57.9,-137.5,40.0,-9999,-9999,30.49,38.49,-9999
78028,234,38.7520409,-121.6001129,299,-9999,901,956.5,80.10,-8888,152.50,0.232,-4.1,183.37,182.20,-1.1,-1.64,1.08,24.20,299.0,-8888,27.5,39.9,980.70,1028.4,1.7,262.4,33.7,58.1,-137.5,39.9,-9999,-9999,30.49,38.49,-9999
78029,234,38.7513542,-121.6001129,295,-9999,887,945.5,80.10,-8888,152.10,0.232,-4.1,183.37,182.30,-1.1,-1.74,0.86,24.50,299.3,-8888,27.5,40.7,981.20,1028.6,1.5,269.0,33.7,58.0,-137.5,40.3,-9999,-9999,31.05,39.30,-9999
78030,234,38.7504959,-121.6001129,290,-9999,874,931.0,80.20,-8888,152.40,0.232,-4.1,183.36,182.30,-1.0,-1.97,0.41,24.50,299.2,-8888,27.5,41.4,981.70,1028.7,1.5,269.0,33.7,57.9,-137.5,41.1,-9999,-9999,31.05,39.30,-9999
78031,234,38.7498093,-121.6001129,285,-9999,859,917.0,80.30,-8888,152.80,0.233,-4.2,183.37,182.30,-1.1,-2.11,0.22,24.50,299.2,-8888,27.8,42.0,982.20,1027.7,1.5,265.2,33.7,57.9,-137.5,41.4,-9999,-9999,31.05,39.30,-9999
78032,234,38.7491226,-121.6002846,280,-9999,845,900.0,80.30,-8888,154.20,0.234,-4.3,183.28,182.30,-1.0,-2.03,-0.27,24.50,299.1,-8888,27.8,42.6,982.70,1026.9,1.6,242.7,33.7,57.5,-137.5,42.0,-9999,-9999,31.05,39.30,-9999
78033,234,38.7484360,-121.6002846,276,-9999,833,882.0,80.40,-8888,155.90,0.237,-4.1,183.26,182.20,-1.1,-1.70,0.57,24.50,299.1,-8888,27.8,43.2,983.10,1027.3,2.3,224.2,33.7,57.8,-137.5,40.7,-9999,-9999,31.05,39.30,-9999
78034,234,38.7477493,-121.6002846,273,-9999,822,870.5,80.70,-8888,154.40,0.235,-3.8,183.15,182.30,-1.0,-1.97,2.13,24.80,299.4,-8888,28.0,44.1,983.50,1027.5,1.4,239.1,33.7,59.0,-137.4,39.2,-9999,-9999,31.61,40.12,-9999
78035,234,38.7468910,-121.6002846,271,-9999,810,865.0,80.90,-8888,150.60,0.229,-3.6,182.81,182.40,-0.6,-2.85,2.30,25.00,299.5,-8888,28.2,45.4,983.90,1027.8,1.7,342.9,33.7,59.8,-137.4,40.4,-9999,-9999,31.99,40.68,-9999
78036,234,38.7462044,-121.6002846,267,-9999,796,848.5,81.00,-8888,154.90,0.235,-3.7,182.28,182.40,-0.1,-2.99,0.76,25.00,299.5,-8888,28.2,46.3,984.40,1027.8,-8888,-9999,33.7,58.9,-137.4,43.0,-9999,-9999,31.99,40.68,-9999
78037,234,38.7455177,-121.6004562,262,-9999,782,830.5,80.70,-8888,154.10,0.234,-3.9,181.99,182.50,0.4,-2.03,1.78,25.20,299.7,-8888,28.5,47.2,984.90,1027.7,-8888,-9999,33.7,58.8,-137.4,41.0,-9999,-9999,32.37,41.25,-9999
78038,234,38.7448311,-121.6004562,257,-9999,767,805.5,80.50,-8888,155.60,0.236,-4.1,181.81,182.70,0.8,-1.47,1.94,25.20,299.6,-8888,28.5,47.7,985.50,1027.2,1.7,135.9,33.7,58.5,-137.4,40.4,-9999,-9999,32.37,41.25,-9999
78039,234,38.7439728,-121.6004562,253,-9999,752,799.5,80.30,-8888,157.20,0.239,-4.3,181.77,182.60,0.9,-1.54,-0.16,25.00,299.4,-8888,28.5,46.7,986.00,1027.0,2.8,156.9,33.7,57.2,-137.4,43.0,-9999,-9999,31.99,40.68,-9999
78040,234,38.7432861,-121.6004562,248,-9999,737,797.0,80.20,-8888,155.10,0.236,-4.5,182.04,182.50,0.7,-1.81,-0.84,25.20,299.5,-8888,28.5,44.3,986.60,1027.1,1.5,157.4,33.7,56.9,-137.4,43.7,-9999,-9999,32.37,41.25,-9999
78041,234,38.7425995,-121.6006279,244,-9999,723,783.5,79.90,-8888,155.60,0.237,-4.4,182.33,182.40,0.2,-1.74,0.04,25.20,299.5,-8888,28.5,40.9,987.10,1027.1,2.0,179.5,33.7,57.4,-137.4,42.4,-9999,-9999,32.37,41.25,-9999
78042,234,38.7419128,-121.6006279,239,-9999,708,767.0,79.70,-8888,154.10,0.234,-4.5,182.22,182.20,-0.1,-1.67,-0.92,25.20,299.4,-8888,28.5,38.2,987.60,1027.2,1.3,183.4,33.7,56.7,-137.4,43.5,-9999,-9999,32.37,41.25,-9999
78043,234,38.7412262,-121.6006279,234,-9999,694,751.5,79.40,-8888,153.60,0.233,-4.5,181.86,182.00,-0.1,-1.43,-2.10,25.20,299.4,-8888,28.5,34.9,988.10,1027.3,1.5,174.5,33.7,55.7,-137.4,44.9,-9999,-9999,32.37,41.25,-9999
78044,234,38.7405396,-121.6006279,230,-9999,681,736.0,79.20,-8888,151.70,0.230,-4.3,181.42,181.70,0.0,-1.25,-3.94,25.20,299.3,-8888,28.5,32.4,988.60,1027.3,-8888,-9999,33.7,54.3,-137.4,46.9,-9999,-9999,32.37,41.25,-9999
78045,234,38.7396812,-121.6006279,226,-9999,668,721.0,79.00,-8888,153.60,0.233,-4.1,180.93,181.10,0.0,-1.34,-4.22,25.20,299.3,-8888,28.5,30.2,989.00,1026.6,1.7,173.1,33.7,54.1,-137.4,47.7,-9999,-9999,32.37,41.25,-9999
78046,234,38.7389946,-121.6006279,222,-9999,654,691.5,79.10,-8888,153.10,0.232,-4.1,180.43,180.60,-0.1,-2.03,-1.67,25.20,299.3,-8888,28.5,28.5,989.50,1026.8,1.4,170.9,33.7,56.4,-137.4,46.5,-9999,-9999,32.37,41.25,-9999
78047,234,38.7383080,-121.6006279,217,-9999,640,666.5,78.90,-8888,152.30,0.231,-4.2,179.70,180.10,0.0,-2.26,1.00,25.50,299.5,-8888,28.5,27.7,990.00,1027.1,1.2,153.1,33.7,58.4,-137.4,44.7,-9999,-9999,32.95,42.11,-9999
78048,234,38.7376213,-121.6006279,213,-9999,625,646.5,78.70,-8888,152.10,0.230,-4.3,179.13,179.90,0.6,-2.20,2.46,25.50,299.5,-8888,28.8,29.1,990.60,1027.3,1.6,137.9,33.7,59.4,-137.4,43.6,-9999,-9999,32.95,42.11,-9999
78049,234,38.7369347,-121.6006279,207,-9999,609,639.0,78.60,-8888,151.40,0.229,-4.5,178.61,179.90,1.1,-1.88,1.92,25.50,299.4,-8888,28.8,31.4,991.10,1026.7,2.0,116.1,33.7,58.8,-137.3,44.4,-9999,-9999,32.95,42.11,-9999
78050,234,38.7362480,-121.6006279,201,-9999,590,625.0,78.50,-8888,151.50,0.230,-4.8,178.41,180.00,1.6,-1.23,1.13,25.50,299.4,-8888,28.8,33.9,991.80,1026.4,2.4,113.7,33.8,57.8,-137.3,44.8,-9999,-9999,32.95,42.11,-9999
78051,234,38.7355614,-121.6006279,196,-9999,575,612.5,78.20,-8888,151.60,0.230,-4.9,178.51,180.00,1.6,-0.85,0.35,25.50,299.3,-8888,28.8,36.4,992.40,1026.4,2.4,121.6,33.8,56.9,-137.3,45.1,-9999,-9999,32.95,42.11,-9999
78052,234,38.7348747,-121.6006279,190,-9999,559,597.5,78.10,-8888,152.00,0.230,-4.9,178.79,179.90,1.3,-0.65,0.08,25.50,299.3,-8888,28.8,37.9,992.90,1026.1,2.2,135.7,33.8,56.5,-137.3,45.1,-9999,-9999,32.95,42.11,-9999
78053,234,38.7340164,-121.6006279,185,-9999,544,581.0,78.10,-8888,153.40,0.232,-4.8,179.25,179.80,0.8,-0.64,-0.28,25.50,299.2,-8888,28.8,39.1,993.50,1026.2,2.4,161.2,33.8,56.4,-137.3,44.8,-9999,-9999,32.95,42.11,-9999
78054,234,38.7333298,-121.6006279,180,-9999,529,564.0,78.10,-8888,152.40,0.231,-4.7,179.82,179.60,0.1,-0.19,0.43,25.50,299.2,-8888,28.8,40.1,994.00,1026.3,1.8,189.3,33.8,56.5,-137.3,43.0,-9999,-9999,32.95,42.11,-9999
78055,234,38.7326431,-121.6006279,176,-9999,515,550.0,78.00,-8888,152.60,0.231,-4.6,180.29,179.50,-0.6,0.29,0.57,25.50,299.1,-8888,28.8,40.9,994.50,1025.8,2.3,208.5,33.8,56.3,-137.3,41.9,-9999,-9999,32.95,42.11,-9999
78056,234,38.7319565,-121.6006279,173,-9999,503,538.0,78.00,-8888,152.30,0.230,-4.2,180.58,179.40,-1.0,0.09,0.49,25.80,299.4,-8888,28.8,41.6,995.00,1026.2,2.5,220.5,33.8,56.4,-137.3,41.9,-9999,-9999,33.54,42.98,-9999
78057,234,38.7312698,-121.6006279,169,-9999,492,524.0,77.90,-8888,151.70,0.229,-3.8,180.73,179.40,-1.2,0.05,1.07,25.80,299.3,-8888,28.8,42.3,995.40,1026.3,2.4,228.9,33.8,56.8,-137.3,41.1,-9999,-9999,33.54,42.98,-9999
78058,234,38.7305832,-121.6006279,166,-9999,482,513.5,77.70,-8888,150.70,0.228,-3.5,180.90,179.50,-1.3,0.06,2.57,25.80,299.3,-8888,29.0,43.2,995.70,1026.3,2.3,236.0,33.8,57.7,-137.3,39.2,-9999,-9999,33.54,42.98,-9999
78059,234,38.7298965,-121.6006279,162,-9999,471,504.5,77.60,-8888,150.20,0.227,-3.3,180.62,179.70,-1.1,-0.37,2.46,25.80,299.3,-8888,29.0,43.8,996.10,1026.0,1.7,228.9,33.8,58.0,-137.3,40.1,-9999,-9999,33.54,42.98,-9999
