src/spatiotemporal_analysis/AEROMMA_MetNav_DC8_20230822.ict
77, 1001
Project Office
National Suborbital Research Center [Bay Area Environmental Research Institute @ NASA Ames Research Center]
N817NA Meteorological and Navigation Facility Instrumentation
AEROMMA
1,1
2023,08,22,2024,06,13
1
Time_Start, seconds (from midnight UTC)
35
1,1,1,1,1,1,1,1,1,1,1,1,1,1,1,1,1,1,1,1,1,1,1,1,1,1,1,1,1,1,1,1,1,1,1
-9999,-9999,-9999,-9999,-9999,-9999,-9999,-9999,-9999,-9999,-9999,-9999,-9999,-9999,-9999,-9999,-9999,-9999,-9999,-9999,-9999,-9999,-9999,-9999,-9999,-9999,-9999,-9999,-9999,-9999,-9999,-9999,-9999,-9999,-9999
Day_Of_Year, day, None, calendar day beginning January 1
Latitude, deg, Platform_Latitude_InSitu_None
Longitude, deg, Platform_Longitude_InSitu_None
MSL_GPS_Altitude, m, Platform_AltitudeMSL_InSitu_None
HAE_GPS_Altitude, m, Platform_AltitudeEllipsoid_InSitu_None, reference WGS-84
Pressure_Altitude, ft, Platform_AltitudePressure_InSitu_None
Radar_Altitude, ft, Platform_AltitudeAGL_InSitu_None
Ground_Speed, m/s, Platform_GroundSpeed_InSitu_None
True_Air_Speed, kts, Platform_AircraftTrueAirSpeed_InSitu_None
Indicated_Air_Speed, kts, Platform_AircraftIndicatedAirSpeed_InSitu_None
Mach_Number, mach, None
Vertical_Speed, m/s, None
True_Heading, deg 0-360, Platform_HeadingTrue_InSitu_None, cw from +y
Track_Angle, deg 0-360, Platform_TrackAngle_InSitu_None, cw from +y
Drift_Angle, deg +-180, Platform_DriftAngle_InSitu_None, cw from +y
Pitch_Angle, deg +-180, Platform_PitchAngle_InSitu_None, up+
Roll_Angle, deg +-180, Platform_RollAngle_InSitu_None, rt+
Static_Air_Temp, degrees Celcius, Met_StaticAirTemperature_InSitu_None
Potential_Temp, Kelvin, Met_PotentialTemperature_InSitu_None
DewFrost_Point, degrees Celcius, Met_DewPoint_InSitu_None
Total_Air_Temp, degrees Celcius, None
IR_Surf_Temp, degrees Celcius, Met_SufaceTemperature_InSitu_None
Static_Pressure, hPa, Met_StaticPressure_InSitu_None
Cabin_Pressure, hPa, None
Wind_Speed, m/s, Met_WindSpeed_InSitu_None, limited to where Roll_Angle does not exceed 5 degrees
Wind_Direction, deg 0-360 cw from +y, Met_WindDirection_InSitu_None, limited to where Roll_Angle does not exceed 5 degrees
Solar_Zenith_Angle, deg, Platform_SolarZenithAngle_InSitu_None
Aircraft_Sun_Elevation, deg, None
Sun_Azimuth, deg, Platform_SolarAzimuthAngle_InSitu_None
Aircraft_Sun_Azimuth, deg, None
Mixing_Ratio, g/kg, Met_H2OMR_InSitu_None
Part_Press_Water_Vapor, hPa, Met_PartialPressureH2O_InSitu_None
Sat_Vapor_Press_H2O, hPa, Met_SatVaporPressureH2OWater_InSitu_None
Sat_Vapor_Press_Ice, hPa, Met_SatVaporPressureH2OIce_InSitu_None
Relative_Humidity, percent, Met_RelativeHumidityWater_InSitu_None
0
28
PI_CONTACT_INFO: NSRC MetNav PI - Ryan Bennett - joseph.r.bennett@nasa.gov & r.bennett@baeri.org.
Platform: NASA DC-8 N817NA
LOCATION: Included in data records
ASSOCIATED_DATA: This flight represents the AEROMMA project research flight out of Palmdale, CA (West Coast Urban - Central Valley)
INSTRUMENT_INFO: 
	Position, attitude, ground speed, and vertical speed from UNS-1Fw FMS
	Wind_Speed and Wind_Direction calculated from UNS-1Fw FMS, Aircraft Data System-85
	Radar_Altitude from APN-232
	Total_Air_Temperature from Rosemount 102 type deiced
	IR_Surface_Temp from KT-19.85
    Cabin_Pressure from MKS Baratron 220D
	DewFrost_Point and calculated water vapor parameters from Buck Hygrometer
[...]
ULOD_FLAG:-7777
ULOD_VALUE:366,90,180,N/A,N/A,57343,65000,N/A,600,510,0.99,104.04,360,360,180,180,180,60,N/A,90,99,200,N/A,1333.22,N/A,360,N/A,N/A,N/A,N/A,N/A,N/A,N/A,N/A,N/A
LLOD_FLAG:-8888
LLOD_VALUE:0,-90,-180,N/A,N/A,-1871,0,0,0,0,0,-104.04,0,0,-180,-180,-180,-99,N/A,-60,-60,-50,N/A,0.66,0,0,N/A,N/A,N/A,N/A,N/A,N/A,N/A,N/A,N/A
DM_CONTACT_INFO: Ryan Bennett - joseph.r.bennett@nasa.gov & r.bennett@baeri.org.
PROJECT_INFO: N/A
STIPULATIONS_ON_USE: Please first contact the PI/data manager with questions before use.
OTHER_COMMENTS: Wind Speed and Wind Direction flagged where Roll_Angle exceeds 5 degrees. 
REVISION: R1
R1: Adjusted start and stop time to match previously defined start/end of flight. NO CHANGE TO DATA.
R0: Preliminary public release data; no updates anticipated. This replaces the previous RA (reduced MetNav) file.
RA: 'Reduced' preliminary data
Time_Start,Day_Of_Year,Latitude,Longitude,MSL_GPS_Altitude,HAE_GPS_Altitude,Pressure_Altitude,Radar_Altitude,Ground_Speed,True_Air_Speed,Indicated_Air_Speed,Mach_Number,Vertical_Speed,True_Heading,Track_Angle,Drift_Angle,Pitch_Angle,Roll_Angle,Static_Air_Temp,Potential_Temp,DewFrost_Point,Total_Air_Temp,IR_Surf_Temp,Static_Pressure,Cabin_Pressure,Wind_Speed,Wind_Direction,Solar_Zenith_Angle,Aircraft_Sun_Elevation,Sun_Azimuth,Aircraft_Sun_Azimuth,Mixing_Ratio,Part_Press_Water_Vapor,Sat_Vapor_Press_H2O,Sat_Vapor_Press_Ice,Relative_Humidity
[from data line 12851]
87378,234,36.0573006,-119.1065598,401,-9999,1287,931.5,132.30,129.40,242.30,0.373,0.8,88.33,91.30,2.9,2.15,1.50,26.00,302.0,-8888,34.2,33.5,967.00,1034.3,7.4,336.7,62.2,29.8,-95.9,176.7,-9999,-9999,33.94,43.58,-9999
87379,234,36.0573006,-119.1050148,401,-9999,1288,928.0,132.30,129.50,242.50,0.373,0.5,88.40,91.30,2.9,2.09,1.25,25.80,301.8,-8888,34.2,33.3,967.00,1034.1,7.2,336.9,62.2,29.7,-95.9,176.5,-9999,-9999,33.54,42.98,-9999
87380,234,36.0573006,-119.1036415,401,-9999,1288,922.0,132.10,129.10,241.70,0.372,0.2,88.57,91.20,2.7,2.10,1.71,25.80,301.8,-8888,34.2,32.7,967.00,1034.3,6.7,333.3,62.2,29.7,-95.9,176.6,-9999,-9999,33.54,42.98,-9999
87381,234,36.0573006,-119.1020966,401,-9999,1288,924.0,132.00,128.80,241.20,0.372,0.1,88.65,91.10,2.5,1.88,1.82,25.80,301.8,-8888,34.0,32.1,967.00,1034.3,6.4,330.0,62.3,29.5,-95.9,176.6,-9999,-9999,33.54,42.98,-9999
87382,234,36.0571289,-119.1005516,401,-9999,1287,927.0,132.00,129.70,243.00,0.374,0.0,88.72,91.20,2.4,1.93,2.55,25.80,301.8,-8888,34.0,31.4,967.00,1034.1,6.1,337.9,62.3,29.6,-95.9,176.9,-9999,-9999,33.54,42.98,-9999
87383,234,36.0571289,-119.0991783,401,-9999,1286,921.0,131.90,129.90,243.30,0.375,-0.1,88.59,91.10,2.5,2.21,2.19,25.80,301.8,-8888,34.0,30.9,967.00,1033.9,6.1,340.6,62.3,29.9,-95.9,176.8,-9999,-9999,33.54,42.98,-9999
87384,234,36.0571289,-119.0976334,401,-9999,1284,917.5,131.80,129.70,242.80,0.374,-0.2,88.64,91.20,2.6,2.23,2.22,25.80,301.8,-8888,34.0,30.4,967.10,1034.1,6.2,340.2,62.3,29.9,-95.8,176.8,-9999,-9999,33.54,42.98,-9999
87385,234,36.0571289,-119.0962601,401,-9999,1284,903.0,131.80,129.80,242.90,0.374,-0.2,88.67,91.30,2.6,2.14,2.42,25.80,301.8,-8888,34.0,30.2,967.10,1034.2,6.3,341.6,62.3,29.8,-95.8,176.9,-9999,-9999,33.54,42.98,-9999
87386,234,36.0571289,-119.0947151,400,-9999,1283,902.5,131.60,129.60,242.80,0.374,-0.2,88.71,91.30,2.6,2.18,2.29,25.80,301.8,-8888,34.2,30.0,967.10,1033.9,6.2,341.3,62.3,29.8,-95.8,176.8,-9999,-9999,33.54,42.98,-9999
87387,234,36.0571289,-119.0933418,400,-9999,1282,904.5,131.50,129.10,241.60,0.372,-0.2,88.81,91.30,2.5,2.83,2.24,25.80,301.8,-8888,34.2,29.8,967.20,1033.9,6.1,337.1,62.3,30.5,-95.8,176.6,-9999,-9999,33.54,42.98,-9999
87388,234,36.0569572,-119.0917969,401,-9999,1281,902.5,131.40,128.60,240.80,0.371,-0.2,88.96,91.40,2.4,3.74,2.05,26.00,302.0,-8888,34.2,29.6,967.20,1034.1,6.2,333.4,62.3,31.4,-95.8,176.3,-9999,-9999,33.94,43.58,-9999
87389,234,36.0569572,-119.0904236,403,-9999,1285,908.0,131.10,128.20,240.20,0.370,0.1,88.98,91.40,2.4,4.47,2.33,26.00,302.0,-8888,34.2,29.4,967.10,1034.0,6.2,332.3,62.3,32.1,-95.8,176.4,-9999,-9999,33.94,43.58,-9999
87390,234,36.0569572,-119.0888786,406,-9999,1295,917.0,130.90,128.00,239.40,0.369,1.0,89.01,91.50,2.5,4.55,1.63,26.00,302.1,-8888,34.2,29.3,966.70,1034.2,6.3,333.0,62.3,32.1,-95.8,176.0,-9999,-9999,33.94,43.58,-9999
87391,234,36.0569572,-119.0875053,411,-9999,1306,932.5,130.60,127.80,239.20,0.368,2.0,89.13,91.50,2.4,4.25,2.06,26.00,302.1,-8888,34.0,29.9,966.30,1034.0,6.0,332.7,62.3,31.9,-95.8,176.1,-9999,-9999,33.94,43.58,-9999
87392,234,36.0569572,-119.0861321,416,-9999,1320,950.5,130.30,127.40,238.30,0.367,3.0,89.32,91.60,2.3,4.03,2.44,26.00,302.1,-8888,34.0,30.6,965.80,1033.9,5.9,331.0,62.3,31.7,-95.8,176.2,-9999,-9999,33.94,43.58,-9999
87393,234,36.0569572,-119.0845871,421,-9999,1335,967.5,130.00,126.80,237.40,0.366,3.7,89.41,91.60,2.2,3.99,2.41,26.00,302.2,-8888,34.0,30.7,965.30,1033.8,5.9,327.4,62.3,31.6,-95.8,176.1,-9999,-9999,33.94,43.58,-9999
87394,234,36.0567856,-119.0832138,425,-9999,1350,974.0,129.80,127.20,237.90,0.367,4.1,89.51,91.70,2.2,3.96,2.81,26.00,302.2,-8888,34.0,30.8,964.80,1034.1,5.6,332.7,62.3,31.6,-95.8,176.2,-9999,-9999,33.94,43.58,-9999
87395,234,36.0567856,-119.0816689,430,-9999,1364,991.0,129.60,127.50,238.40,0.368,4.2,89.42,91.80,2.4,3.84,2.82,25.80,302.1,-8888,34.0,30.7,964.30,1033.9,5.7,339.1,62.3,31.5,-95.8,176.3,-9999,-9999,33.54,42.98,-9999
87396,234,36.0567856,-119.0802956,434,-9999,1376,1000.5,129.40,127.10,237.70,0.367,4.1,89.38,92.00,2.6,3.91,2.77,25.80,302.1,-8888,33.8,30.4,963.90,1034.0,6.3,339.3,62.3,31.6,-95.8,176.3,-9999,-9999,33.54,42.98,-9999
87397,234,36.0567856,-119.0789223,438,-9999,1389,1020.0,129.30,126.90,237.20,0.366,4.0,89.40,92.10,2.7,3.85,2.73,25.80,302.2,-8888,33.8,30.2,963.40,1033.9,6.5,339.1,62.3,31.5,-95.8,176.3,-9999,-9999,33.54,42.98,-9999
87398,234,36.0566139,-119.0773773,441,-9999,1400,1030.5,129.10,127.00,237.20,0.366,3.8,89.54,92.20,2.7,3.61,2.29,25.80,302.2,-8888,33.8,30.0,963.00,1034.1,6.3,341.4,62.3,31.2,-95.8,175.9,-9999,-9999,33.54,42.98,-9999
87399,234,36.0566139,-119.0760040,444,-9999,1411,1043.0,128.90,126.50,236.20,0.365,3.5,89.68,92.30,2.6,3.55,2.10,25.80,302.2,-8888,33.8,29.7,962.60,1034.1,6.3,338.7,62.3,31.1,-95.8,175.7,-9999,-9999,33.54,42.98,-9999
87400,234,36.0566139,-119.0746307,446,-9999,1421,1051.0,128.70,126.90,236.90,0.366,3.3,89.68,92.30,2.7,3.25,1.86,25.80,302.3,-8888,33.8,29.5,962.30,1034.2,6.1,343.9,62.3,30.8,-95.8,175.5,-9999,-9999,33.54,42.98,-9999
87401,234,36.0566139,-119.0730858,449,-9999,1430,1060.5,128.70,127.10,237.60,0.366,3.1,89.83,92.40,2.6,2.49,2.16,25.80,302.3,-8888,33.8,29.3,962.00,1033.8,6.0,345.5,62.3,30.1,-95.8,175.6,-9999,-9999,33.54,42.98,-9999
87402,234,36.0564423,-119.0717125,450,-9999,1438,1063.5,128.80,127.20,237.70,0.367,2.8,90.08,92.50,2.5,1.66,2.15,25.50,302.0,-8888,33.5,29.1,961.70,1034.1,5.6,344.8,62.3,29.3,-95.8,175.4,-9999,-9999,32.95,42.11,-9999
87403,234,36.0564423,-119.0703392,450,-9999,1441,1057.5,129.10,126.90,236.90,0.366,2.3,90.52,92.50,2.2,1.34,2.87,25.50,302.0,-8888,33.5,29.2,961.60,1033.8,4.9,335.1,62.4,29.0,-95.8,175.3,-9999,-9999,32.95,42.11,-9999
87404,234,36.0564423,-119.0687942,450,-9999,1442,1056.0,129.30,126.70,236.80,0.366,1.5,90.94,92.60,1.8,1.21,3.52,25.50,302.0,-8888,33.5,29.9,961.60,1033.9,4.5,326.7,62.4,29.0,-95.8,175.2,-9999,-9999,32.95,42.11,-9999
87405,234,36.0562706,-119.0674210,449,-9999,1441,1049.5,129.80,126.60,236.50,0.365,0.7,91.32,92.70,1.6,1.33,3.43,25.50,302.0,-8888,33.5,30.5,961.60,1034.0,4.4,316.0,62.4,29.1,-95.8,174.8,-9999,-9999,32.95,42.11,-9999
87406,234,36.0562706,-119.0660477,447,-9999,1437,1044.0,130.30,126.80,237.20,0.366,0.0,91.65,93.00,1.5,1.45,3.66,25.50,302.0,-8888,33.5,31.3,961.70,1033.8,4.6,313.2,62.4,29.2,-95.8,174.6,-9999,-9999,32.95,42.11,-9999
87407,234,36.0562706,-119.0645027,445,-9999,1433,1038.5,130.90,127.80,238.90,0.369,-0.6,92.01,93.20,1.4,1.64,3.71,25.50,302.0,-8888,33.5,31.8,961.90,1033.9,4.1,313.5,62.4,29.5,-95.8,174.2,-9999,-9999,32.95,42.11,-9999
87408,234,36.0560989,-119.0631294,444,-9999,1428,1029.0,131.60,128.40,239.90,0.370,-1.0,92.32,93.50,1.3,1.76,3.31,25.20,301.7,-8888,33.5,32.0,962.00,1034.0,4.2,312.8,62.4,29.5,-95.8,173.7,-9999,-9999,32.37,41.25,-9999
87409,234,36.0560989,-119.0615845,442,-9999,1424,1034.5,132.10,128.80,240.80,0.372,-1.2,92.50,93.70,1.3,1.91,2.99,25.20,301.7,-8888,33.5,32.1,962.20,1034.2,4.3,312.7,62.4,29.7,-95.8,173.4,-9999,-9999,32.37,41.25,-9999
87410,234,36.0559273,-119.0602112,441,-9999,1419,1031.5,132.70,129.10,241.50,0.373,-1.3,92.63,93.90,1.3,2.07,2.66,25.20,301.6,-8888,33.5,32.0,962.40,1033.9,4.6,312.1,62.4,29.8,-95.8,173.0,-9999,-9999,32.37,41.25,-9999
87411,234,36.0559273,-119.0586662,440,-9999,1416,1014.5,133.20,129.70,242.60,0.374,-1.2,92.52,94.20,1.6,2.32,2.53,25.20,301.6,-8888,33.8,32.4,962.50,1034.3,5.2,321.1,62.4,30.0,-95.8,173.1,-9999,-9999,32.37,41.25,-9999
87412,234,36.0557556,-119.0571213,440,-9999,1415,1013.0,133.80,131.00,245.10,0.378,-0.9,92.35,94.30,1.9,2.39,1.60,25.20,301.6,-8888,33.8,33.3,962.50,1034.1,5.3,331.5,62.4,30.0,-95.7,172.7,-9999,-9999,32.37,41.25,-9999
87413,234,36.0557556,-119.0557480,440,-9999,1414,1013.5,134.20,131.50,245.90,0.380,-0.7,92.16,94.40,2.2,2.34,0.98,25.20,301.6,-8888,33.8,34.2,962.50,1034.3,5.9,335.8,62.4,29.8,-95.7,172.6,-9999,-9999,32.37,41.25,-9999
87414,234,36.0555840,-119.0542030,440,-9999,1415,1014.5,134.70,131.60,246.10,0.380,-0.2,91.93,94.50,2.5,2.11,0.09,25.50,301.9,-8888,34.0,34.7,962.50,1034.1,6.7,335.8,62.4,29.5,-95.7,172.4,-9999,-9999,32.95,42.11,-9999
87415,234,36.0554123,-119.0526581,441,-9999,1416,1013.5,135.20,132.00,246.70,0.381,0.0,91.91,94.40,2.5,1.85,-0.65,25.50,301.9,-8888,34.0,35.0,962.50,1034.1,6.6,334.3,62.4,29.1,-95.7,172.1,-9999,-9999,32.95,42.11,-9999
87416,234,36.0554123,-119.0511131,441,-9999,1417,1024.5,135.70,132.10,246.90,0.381,0.1,91.81,94.30,2.4,1.42,-0.55,25.50,301.9,-8888,34.2,35.0,962.40,1034.3,6.8,331.3,62.4,28.7,-95.7,172.2,-9999,-9999,32.95,42.11,-9999
87417,234,36.0552406,-119.0497398,441,-9999,1417,1030.0,136.30,132.60,247.80,0.383,0.2,91.56,94.10,2.4,1.31,-0.51,25.50,301.9,-8888,34.2,34.6,962.40,1034.2,7.0,331.0,62.4,28.6,-95.7,172.5,-9999,-9999,32.95,42.11,-9999
87418,234,36.0552406,-119.0481949,441,-9999,1417,1028.5,136.80,133.10,248.20,0.384,0.1,91.30,94.00,2.6,1.38,-0.24,25.50,301.9,-8888,34.2,33.9,962.40,1034.0,7.4,332.5,62.4,28.7,-95.7,172.9,-9999,-9999,32.95,42.11,-9999
87419,234,36.0550690,-119.0466499,441,-9999,1415,1013.0,137.40,133.60,249.80,0.385,-0.1,91.07,93.80,2.7,1.43,-0.34,25.50,301.9,-8888,34.5,33.6,962.50,1034.5,7.5,332.0,62.4,28.7,-95.7,173.1,-9999,-9999,32.95,42.11,-9999
87420,234,36.0550690,-119.0451050,440,-9999,1414,1011.5,137.70,134.50,251.20,0.388,-0.2,90.77,93.70,2.8,1.61,-0.85,25.50,301.9,-8888,34.5,33.2,962.50,1034.2,7.7,337.5,62.4,28.8,-95.7,173.2,-9999,-9999,32.95,42.11,-9999
87421,234,36.0550690,-119.0435600,441,-9999,1412,1005.5,138.20,134.70,251.60,0.389,-0.3,90.59,93.50,2.9,1.54,-0.89,25.50,301.9,-8888,34.5,32.7,962.60,1034.4,7.8,335.3,62.4,28.8,-95.7,173.3,-9999,-9999,32.95,42.11,-9999
87422,234,36.0548973,-119.0420151,441,-9999,1412,1007.0,138.40,135.80,253.60,0.392,-0.3,90.25,93.40,3.0,1.46,-0.81,25.50,301.9,-8888,34.8,32.3,962.60,1034.4,8.0,342.8,62.4,28.7,-95.7,173.7,-9999,-9999,32.95,42.11,-9999
87423,234,36.0548973,-119.0404701,441,-9999,1411,1007.0,138.60,135.50,252.60,0.391,-0.2,89.91,93.20,3.1,1.57,-0.86,25.50,301.9,-8888,34.8,31.9,962.60,1034.2,8.5,340.1,62.4,28.8,-95.7,174.0,-9999,-9999,32.95,42.11,-9999
87424,234,36.0547256,-119.0389252,441,-9999,1412,1003.5,138.80,135.40,252.80,0.390,-0.1,89.50,93.10,3.4,1.22,-2.01,25.80,302.2,-8888,35.0,31.8,962.60,1034.1,9.3,339.8,62.4,28.3,-95.7,173.9,-9999,-9999,33.54,42.98,-9999
87425,234,36.0547256,-119.0373802,441,-9999,1413,1001.5,139.00,135.10,251.90,0.390,0.1,89.23,92.80,3.4,1.11,-2.20,26.00,302.4,-8888,35.0,32.1,962.60,1034.3,9.4,336.5,62.5,28.2,-95.7,174.1,-9999,-9999,33.94,43.58,-9999
87426,234,36.0547256,-119.0358353,440,-9999,1413,999.5,139.00,136.20,254.10,0.393,0.1,89.22,92.50,3.3,1.14,-1.05,26.00,302.4,-8888,35.0,32.5,962.60,1034.2,8.4,341.3,62.5,28.4,-95.7,174.7,-9999,-9999,33.94,43.58,-9999
87427,234,36.0545540,-119.0342903,440,-9999,1411,1004.0,139.10,137.10,255.80,0.395,-0.1,89.01,92.30,3.2,1.07,-0.90,25.80,302.2,-8888,35.0,32.8,962.60,1034.3,8.2,346.5,62.5,28.3,-95.7,175.0,-9999,-9999,33.54,42.98,-9999
87428,234,36.0545540,-119.0327454,439,-9999,1408,1000.5,139.20,135.70,253.10,0.391,-0.4,89.02,92.00,3.0,0.89,-0.61,26.00,302.4,-8888,35.2,33.0,962.70,1034.5,8.0,334.4,62.5,28.1,-95.7,175.1,-9999,-9999,33.94,43.58,-9999
87429,234,36.0545540,-119.0312004,438,-9999,1404,1015.5,139.10,136.70,255.10,0.394,-0.7,88.83,91.90,3.0,1.10,0.14,26.00,302.4,-8888,35.2,33.2,962.90,1034.3,7.8,342.4,62.5,28.4,-95.7,175.7,-9999,-9999,33.94,43.58,-9999
87430,234,36.0545540,-119.0296555,437,-9999,1401,996.0,139.10,137.10,255.70,0.395,-0.8,88.65,91.70,3.0,1.43,0.07,26.00,302.4,-8888,35.2,33.4,963.00,1034.7,7.6,345.0,62.5,28.7,-95.7,175.8,-9999,-9999,33.94,43.58,-9999
87431,234,36.0543823,-119.0281105,437,-9999,1398,954.5,138.90,136.80,254.90,0.395,-0.8,88.62,91.60,3.0,1.59,0.16,26.00,302.4,-8888,35.2,33.5,963.10,1034.3,7.5,343.8,62.5,28.9,-95.7,175.9,-9999,-9999,33.94,43.58,-9999
87432,234,36.0543823,-119.0265656,437,-9999,1397,976.5,138.80,136.40,254.50,0.393,-0.7,88.55,91.50,2.9,1.51,0.43,26.20,302.6,-8888,35.5,33.9,963.10,1035.0,7.5,341.3,62.5,28.8,-95.7,176.1,-9999,-9999,34.34,44.18,-9999
87433,234,36.0543823,-119.0250206,436,-9999,1396,965.5,138.60,136.30,254.10,0.393,-0.5,88.50,91.40,2.9,1.52,0.27,26.20,302.6,-8888,35.5,34.3,963.20,1034.8,7.3,341.7,62.5,28.8,-95.7,176.1,-9999,-9999,34.34,44.18,-9999
87434,234,36.0543823,-119.0234756,436,-9999,1394,980.0,138.40,135.70,252.90,0.391,-0.4,88.62,91.30,2.7,1.67,1.26,26.20,302.6,-8888,35.5,34.7,963.20,1034.6,7.0,337.1,62.5,29.0,-95.7,176.5,-9999,-9999,34.34,44.18,-9999
87435,234,36.0543823,-119.0219307,435,-9999,1391,962.0,138.20,134.90,251.60,0.389,-0.6,88.68,91.20,2.5,1.79,1.22,26.50,302.9,-8888,35.5,34.8,963.30,1034.7,6.9,331.2,62.5,29.1,-95.7,176.4,-9999,-9999,34.96,45.09,-9999
87436,234,36.0543823,-119.0203857,433,-9999,1388,952.0,138.00,135.30,252.50,0.390,-0.7,88.84,91.10,2.4,2.03,1.19,26.20,302.6,-8888,35.5,34.9,963.40,1034.5,6.0,333.4,62.5,29.4,-95.7,176.2,-9999,-9999,34.34,44.18,-9999
87437,234,36.0543823,-119.0188408,433,-9999,1385,936.5,137.70,135.50,252.80,0.391,-0.8,88.80,91.20,2.3,2.27,2.07,26.20,302.5,-8888,35.5,35.3,963.60,1034.4,6.1,339.0,62.5,29.7,-95.7,176.7,-9999,-9999,34.34,44.18,-9999
87438,234,36.0542107,-119.0174675,433,-9999,1383,948.0,137.50,135.10,252.10,0.389,-0.8,88.53,91.20,2.6,2.35,2.05,26.20,302.5,-8888,35.5,35.3,963.60,1034.4,6.8,339.2,62.5,29.7,-95.7,177.0,-9999,-9999,34.34,44.18,-9999
87439,234,36.0542107,-119.0159225,432,-9999,1382,960.5,137.10,134.30,250.70,0.387,-0.6,88.40,91.30,2.9,2.41,3.19,26.20,302.5,-8888,35.2,35.2,963.70,1034.7,7.4,337.7,62.5,29.8,-95.7,177.7,-9999,-9999,34.34,44.18,-9999
87440,234,36.0542107,-119.0143776,433,-9999,1383,957.5,136.80,133.30,248.60,0.384,-0.2,88.38,91.40,3.0,2.54,5.07,26.50,302.8,-8888,35.2,35.1,963.60,1034.5,-9999,-9999,62.5,30.0,-95.6,178.7,-9999,-9999,34.96,45.09,-9999
87441,234,36.0542107,-119.0128326,434,-9999,1384,955.0,136.50,132.90,248.10,0.383,0.0,88.21,91.60,3.4,2.59,5.33,26.50,302.8,-8888,35.2,35.3,963.60,1034.4,-9999,-9999,62.5,30.0,-95.6,179.1,-9999,-9999,34.96,45.09,-9999
87442,234,36.0542107,-119.0112877,434,-9999,1388,958.5,136.30,132.70,247.80,0.382,0.4,88.51,91.80,3.5,2.41,7.04,26.50,302.9,-8888,35.2,35.3,963.40,1034.4,-9999,-9999,62.5,29.9,-95.6,179.7,-9999,-9999,34.96,45.09,-9999
87443,234,36.0540390,-119.0099144,435,-9999,1390,957.0,135.80,132.20,246.70,0.381,0.6,89.10,92.10,3.3,2.32,8.97,26.50,302.9,-8888,35.2,35.5,963.40,1034.2,-9999,-9999,62.5,29.9,-95.6,-179.9,-9999,-9999,34.96,45.09,-9999
87444,234,36.0540390,-119.0083694,436,-9999,1390,954.5,135.60,132.00,246.60,0.380,0.5,89.66,92.50,3.1,2.47,11.33,26.50,302.9,-8888,35.0,35.6,963.40,1034.2,-9999,-9999,62.5,30.1,-95.6,-179.2,-9999,-9999,34.96,45.09,-9999
87445,234,36.0540390,-119.0068245,436,-9999,1392,961.5,135.40,132.30,247.20,0.381,0.4,90.06,93.10,3.2,2.61,13.25,26.20,302.6,-8888,35.0,35.7,963.30,1034.4,-9999,-9999,62.5,30.2,-95.6,-178.6,-9999,-9999,34.34,44.18,-9999
87446,234,36.0538673,-119.0052795,436,-9999,1395,960.5,135.10,132.70,247.60,0.383,0.5,90.69,93.80,3.4,2.72,15.14,26.20,302.6,-8888,35.0,35.3,963.20,1034.4,-9999,-9999,62.5,30.4,-95.6,-178.1,-9999,-9999,34.34,44.18,-9999
87447,234,36.0538673,-119.0039062,435,-9999,1395,956.5,134.80,131.90,246.10,0.380,0.5,91.76,94.60,3.3,2.77,17.30,26.20,302.6,-8888,35.0,34.8,963.20,1034.6,-9999,-9999,62.6,30.7,-95.6,-178.0,-9999,-9999,34.34,44.18,-9999
87448,234,36.0536957,-119.0023613,434,-9999,1393,947.5,134.60,131.30,245.20,0.378,0.1,93.17,95.50,2.9,2.87,19.30,26.50,302.9,-8888,35.0,34.2,963.30,1034.3,-9999,-9999,62.6,31.1,-95.6,-178.3,-9999,-9999,34.96,45.09,-9999
87449,234,36.0535240,-119.0008163,433,-9999,1390,962.5,134.40,132.00,246.60,0.380,-0.2,94.66,96.70,2.6,3.00,21.20,26.20,302.6,-8888,35.0,33.5,963.40,1034.5,-9999,-9999,62.6,31.7,-95.6,-178.6,-9999,-9999,34.34,44.18,-9999
