src/spatiotemporal_analysis/AEROMMA_MetNav_DC8_20230822.ict
77, 1001
Project Office
National Suborbital Research Center [Bay Area Environmental Research Institute @ NASA Ames Research Center]
N817NA Meteorological and Navigation Facility Instrumentation
AEROMMA
1,1
2023,08,22,2024,06,13
1
Time_Start, seconds (from midnight UTC)
35
1,1,1,1,1,1,1,1,1,1,1,1,1,1,1,1,1,1,1,1,1,1,1,1,1,1,1,1,1,1,1,1,1,1,1
-9999,-9999,-9999,-9999,-9999,-9999,-9999,-9999,-9999,-9999,-9999,-9999,-9999,-9999,-9999,-9999,-9999,-9999,-9999,-9999,-9999,-9999,-9999,-9999,-9999,-9999,-9999,-9999,-9999,-9999,-9999,-9999,-9999,-9999,-9999
Day_Of_Year, day, None, calendar day beginning January 1
Latitude, deg, Platform_Latitude_InSitu_None
Longitude, deg, Platform_Longitude_InSitu_None
MSL_GPS_Altitude, m, Platform_AltitudeMSL_InSitu_None
HAE_GPS_Altitude, m, Platform_AltitudeEllipsoid_InSitu_None, reference WGS-84
Pressure_Altitude, ft, Platform_AltitudePressure_InSitu_None
Radar_Altitude, ft, Platform_AltitudeAGL_InSitu_None
Ground_Speed, m/s, Platform_GroundSpeed_InSitu_None
True_Air_Speed, kts, Platform_AircraftTrueAirSpeed_InSitu_None
Indicated_Air_Speed, kts, Platform_AircraftIndicatedAirSpeed_InSitu_None
Mach_Number, mach, None
Vertical_Speed, m/s, None
True_Heading, deg 0-360, Platform_HeadingTrue_InSitu_None, cw from +y
Track_Angle, deg 0-360, Platform_TrackAngle_InSitu_None, cw from +y
Drift_Angle, deg +-180, Platform_DriftAngle_InSitu_None, cw from +y
Pitch_Angle, deg +-180, Platform_PitchAngle_InSitu_None, up+
Roll_Angle, deg +-180, Platform_RollAngle_InSitu_None, rt+
Static_Air_Temp, degrees Celcius, Met_StaticAirTemperature_InSitu_None
Potential_Temp, Kelvin, Met_PotentialTemperature_InSitu_None
DewFrost_Point, degrees Celcius, Met_DewPoint_InSitu_None
Total_Air_Temp, degrees Celcius, None
IR_Surf_Temp, degrees Celcius, Met_SufaceTemperature_InSitu_None
Static_Pressure, hPa, Met_StaticPressure_InSitu_None
Cabin_Pressure, hPa, None
Wind_Speed, m/s, Met_WindSpeed_InSitu_None, limited to where Roll_Angle does not exceed 5 degrees
Wind_Direction, deg 0-360 cw from +y, Met_WindDirection_InSitu_None, limited to where Roll_Angle does not exceed 5 degrees
Solar_Zenith_Angle, deg, Platform_SolarZenithAngle_InSitu_None
Aircraft_Sun_Elevation, deg, None
Sun_Azimuth, deg, Platform_SolarAzimuthAngle_InSitu_None
Aircraft_Sun_Azimuth, deg, None
Mixing_Ratio, g/kg, Met_H2OMR_InSitu_None
Part_Press_Water_Vapor, hPa, Met_PartialPressureH2O_InSitu_None
Sat_Vapor_Press_H2O, hPa, Met_SatVaporPressureH2OWater_InSitu_None
Sat_Vapor_Press_Ice, hPa, Met_SatVaporPressureH2OIce_InSitu_None
Relative_Humidity, percent, Met_RelativeHumidityWater_InSitu_None
0
28
PI_CONTACT_INFO: NSRC MetNav PI - Ryan Bennett - joseph.r.bennett@nasa.gov & r.bennett@baeri.org.
Platform: NASA DC-8 N817NA
LOCATION: Included in data records
ASSOCIATED_DATA: This flight represents the AEROMMA project research flight out of Palmdale, CA (West Coast Urban - Central Valley)
INSTRUMENT_INFO: 
	Position, attitude, ground speed, and vertical speed from UNS-1Fw FMS
	Wind_Speed and Wind_Direction calculated from UNS-1Fw FMS, Aircraft Data System-85
	Radar_Altitude from APN-232
	Total_Air_Temperature from Rosemount 102 type deiced
	IR_Surface_Temp from KT-19.85
    Cabin_Pressure from MKS Baratron 220D
	DewFrost_Point and calculated water vapor parameters from Buck Hygrometer
[...]
ULOD_FLAG:-7777
ULOD_VALUE:366,90,180,N/A,N/A,57343,65000,N/A,600,510,0.99,104.04,360,360,180,180,180,60,N/A,90,99,200,N/A,1333.22,N/A,360,N/A,N/A,N/A,N/A,N/A,N/A,N/A,N/A,N/A
LLOD_FLAG:-8888
LLOD_VALUE:0,-90,-180,N/A,N/A,-1871,0,0,0,0,0,-104.04,0,0,-180,-180,-180,-99,N/A,-60,-60,-50,N/A,0.66,0,0,N/A,N/A,N/A,N/A,N/A,N/A,N/A,N/A,N/A
DM_CONTACT_INFO: Ryan Bennett - joseph.r.bennett@nasa.gov & r.bennett@baeri.org.
PROJECT_INFO: N/A
STIPULATIONS_ON_USE: Please first contact the PI/data manager with questions before use.
OTHER_COMMENTS: Wind Speed and Wind Direction flagged where Roll_Angle exceeds 5 degrees. 
REVISION: R1
R1: Adjusted start and stop time to match previously defined start/end of flight. NO CHANGE TO DATA.
R0: Preliminary public release data; no updates anticipated. This replaces the previous RA (reduced MetNav) file.
RA: 'Reduced' preliminary data
Time_Start,Day_Of_Year,Latitude,Longitude,MSL_GPS_Altitude,HAE_GPS_Altitude,Pressure_Altitude,Radar_Altitude,Ground_Speed,True_Air_Speed,Indicated_Air_Speed,Mach_Number,Vertical_Speed,True_Heading,Track_Angle,Drift_Angle,Pitch_Angle,Roll_Angle,Static_Air_Temp,Potential_Temp,DewFrost_Point,Total_Air_Temp,IR_Surf_Temp,Static_Pressure,Cabin_Pressure,Wind_Speed,Wind_Direction,Solar_Zenith_Angle,Aircraft_Sun_Elevation,Sun_Azimuth,Aircraft_Sun_Azimuth,Mixing_Ratio,Part_Press_Water_Vapor,Sat_Vapor_Press_H2O,Sat_Vapor_Press_Ice,Relative_Humidity
[from data line 14387]
88914,234,35.5809402,-119.1139412,432,-9999,1399,775.5,132.10,130.30,243.70,0.376,-0.7,86.41,89.40,2.9,2.20,2.16,25.50,301.9,-8888,34.0,33.8,963.10,1034.2,7.1,343.2,67.4,24.5,-91.7,-177.1,-9999,-9999,32.95,42.11,-9999
88915,234,35.5809402,-119.1123962,432,-9999,1399,774.5,132.10,130.10,243.20,0.375,-0.4,86.57,89.40,2.9,2.57,2.61,25.50,301.9,-8888,34.0,33.9,963.10,1034.3,6.8,340.8,67.4,24.8,-91.7,-177.0,-9999,-9999,32.95,42.11,-9999
88916,234,35.5809402,-119.1110229,434,-9999,1400,781.0,132.10,130.20,243.40,0.376,-0.2,86.71,89.50,2.8,3.39,1.89,25.80,302.2,-8888,34.0,33.8,963.00,1034.3,6.7,341.5,67.4,25.7,-91.7,-177.4,-9999,-9999,33.54,42.98,-9999
88917,234,35.5809402,-119.1094780,436,-9999,1404,783.5,132.00,130.10,243.10,0.375,0.2,86.89,89.60,2.8,4.01,1.96,25.80,302.2,-8888,34.2,33.3,962.90,1034.0,6.5,341.2,67.4,26.3,-91.7,-177.6,-9999,-9999,33.54,42.98,-9999
88918,234,35.5809402,-119.1081047,440,-9999,1413,780.0,131.90,130.00,242.80,0.375,1.1,86.92,89.70,2.7,3.88,2.02,25.80,302.2,-8888,34.2,32.5,962.60,1033.9,6.6,341.7,67.4,26.2,-91.7,-177.6,-9999,-9999,33.54,42.98,-9999
88919,234,35.5809402,-119.1065598,443,-9999,1423,805.5,131.60,129.30,241.50,0.373,2.0,86.90,89.70,2.8,3.89,2.11,25.80,302.3,-8888,34.2,31.8,962.20,1034.3,6.8,338.5,67.4,26.2,-91.7,-177.5,-9999,-9999,33.54,42.98,-9999
88920,234,35.5809402,-119.1051865,447,-9999,1434,820.0,131.40,129.00,240.90,0.372,2.5,86.82,89.80,2.9,3.98,1.91,25.80,302.3,-8888,34.2,30.9,961.80,1034.0,7.2,338.8,67.4,26.3,-91.7,-177.5,-9999,-9999,33.54,42.98,-9999
88921,234,35.5809402,-119.1036415,451,-9999,1446,824.5,131.20,128.80,240.60,0.372,3.0,86.78,89.80,3.0,3.94,1.69,25.80,302.3,-8888,34.0,30.2,961.40,1033.8,7.3,339.0,67.4,26.2,-91.7,-177.6,-9999,-9999,33.54,42.98,-9999
88922,234,35.5809402,-119.1022682,455,-9999,1459,850.5,131.00,128.60,240.10,0.371,3.3,86.67,89.90,3.2,3.91,1.51,25.80,302.4,-8888,34.0,29.6,961.00,1034.2,7.7,340.1,67.4,26.2,-91.7,-177.5,-9999,-9999,33.54,42.98,-9999
88923,234,35.5809402,-119.1008949,459,-9999,1471,862.0,130.80,127.80,238.50,0.368,3.6,86.59,89.90,3.3,3.81,1.18,25.80,302.4,-8888,34.0,29.2,960.50,1034.3,8.0,336.4,67.4,26.1,-91.7,-177.6,-9999,-9999,33.54,42.98,-9999
88924,234,35.5809402,-119.0993500,463,-9999,1484,862.5,130.50,127.90,238.60,0.369,3.7,86.57,89.90,3.4,3.89,1.32,25.80,302.5,-8888,33.8,28.9,960.10,1034.0,7.9,339.1,67.4,26.2,-91.7,-177.5,-9999,-9999,33.54,42.98,-9999
88925,234,35.5809402,-119.0979767,467,-9999,1498,838.0,130.30,127.00,236.80,0.366,3.8,86.60,89.90,3.4,3.86,1.26,25.80,302.5,-8888,33.8,28.7,959.60,1033.8,8.1,334.2,67.4,26.1,-91.7,-177.5,-9999,-9999,33.54,42.98,-9999
88926,234,35.5809402,-119.0964317,472,-9999,1511,830.5,130.20,126.90,236.70,0.366,4.0,86.66,89.90,3.3,3.60,1.03,25.80,302.5,-8888,33.8,28.8,959.10,1034.1,8.0,333.9,67.4,25.9,-91.7,-177.7,-9999,-9999,33.54,42.98,-9999
88927,234,35.5809402,-119.0950584,477,-9999,1524,850.5,130.10,127.40,237.60,0.367,4.0,86.79,89.90,3.2,3.67,1.16,25.50,302.3,-8888,33.5,29.0,958.70,1033.8,7.5,337.2,67.4,26.0,-91.7,-177.8,-9999,-9999,32.95,42.11,-9999
88928,234,35.5809402,-119.0936851,481,-9999,1536,847.5,129.80,127.40,237.60,0.368,3.9,86.85,89.90,3.0,4.03,1.37,25.50,302.3,-8888,33.5,29.2,958.30,1034.2,7.3,339.1,67.4,26.3,-91.7,-177.7,-9999,-9999,32.95,42.11,-9999
88929,234,35.5809402,-119.0921402,484,-9999,1548,853.5,129.60,127.40,237.40,0.367,3.8,86.84,89.90,3.0,4.10,1.63,25.50,302.4,-8888,33.5,29.5,957.80,1033.8,7.2,340.6,67.5,26.4,-91.7,-177.6,-9999,-9999,32.95,42.11,-9999
88930,234,35.5809402,-119.0907669,488,-9999,1560,863.0,129.50,126.60,236.00,0.365,3.7,86.89,89.90,3.0,4.09,1.52,25.50,302.4,-8888,33.5,29.7,957.40,1034.1,7.3,335.1,67.5,26.3,-91.7,-177.7,-9999,-9999,32.95,42.11,-9999
88931,234,35.5809402,-119.0893936,491,-9999,1571,876.5,129.20,125.90,234.70,0.363,3.5,86.91,89.90,3.0,4.37,1.72,25.50,302.4,-8888,33.5,29.9,957.00,1033.8,7.4,332.0,67.5,26.6,-91.7,-177.6,-9999,-9999,32.95,42.11,-9999
88932,234,35.5809402,-119.0878487,496,-9999,1582,931.5,129.10,126.20,235.10,0.364,3.4,86.80,90.00,3.1,4.88,1.92,25.50,302.5,-8888,33.2,30.3,956.60,1034.1,7.7,336.3,67.5,27.1,-91.7,-177.4,-9999,-9999,32.95,42.11,-9999
88933,234,35.5809402,-119.0864754,501,-9999,1598,909.0,128.70,126.20,235.20,0.364,3.8,86.60,90.00,3.4,5.19,2.02,25.50,302.5,-8888,33.2,30.6,956.10,1034.0,8.0,340.0,67.5,27.4,-91.7,-177.2,-9999,-9999,32.95,42.11,-9999
88934,234,35.5809402,-119.0851021,507,-9999,1613,942.5,128.50,126.00,234.60,0.364,4.2,86.40,90.10,3.7,5.23,1.37,25.20,302.3,-8888,33.2,31.2,955.60,1034.3,8.6,341.3,67.5,27.5,-91.7,-177.2,-9999,-9999,32.37,41.25,-9999
88935,234,35.5809402,-119.0837288,513,-9999,1631,968.5,128.20,125.70,234.00,0.363,4.6,86.36,90.20,3.8,5.12,0.89,25.20,302.3,-8888,33.0,31.4,954.90,1033.9,8.9,341.9,67.5,27.4,-91.7,-177.4,-9999,-9999,32.37,41.25,-9999
88936,234,35.5809402,-119.0821838,519,-9999,1650,995.5,128.00,125.20,233.10,0.361,5.0,86.45,90.10,3.8,4.78,0.90,25.20,302.4,-8888,33.0,31.8,954.30,1034.2,8.5,339.1,67.5,27.0,-91.7,-177.5,-9999,-9999,32.37,41.25,-9999
88937,234,35.5809402,-119.0808105,526,-9999,1671,1030.0,127.70,124.60,231.60,0.360,5.6,86.52,90.10,3.7,4.37,0.18,25.20,302.4,-8888,33.0,32.2,953.50,1034.2,8.5,336.8,67.5,26.6,-91.7,-177.9,-9999,-9999,32.37,41.25,-9999
88938,234,35.5809402,-119.0794373,533,-9999,1691,1032.5,127.60,124.20,230.90,0.358,5.9,86.76,90.10,3.3,4.27,0.75,25.20,302.5,-8888,33.0,32.6,952.80,1034.3,8.1,333.6,67.5,26.5,-91.7,-177.9,-9999,-9999,32.37,41.25,-9999
88939,234,35.5809402,-119.0780640,538,-9999,1710,1004.5,127.60,124.70,231.90,0.360,5.9,86.54,90.00,3.4,4.37,1.06,25.20,302.6,-8888,33.0,33.1,952.20,1033.8,8.1,337.4,67.5,26.6,-91.7,-177.5,-9999,-9999,32.37,41.25,-9999
88940,234,35.5809402,-119.0766907,543,-9999,1727,974.5,127.50,125.70,234.10,0.363,5.7,86.46,90.00,3.6,4.59,0.78,25.00,302.4,-8888,32.8,33.5,951.60,1034.1,8.0,345.3,67.5,26.8,-91.7,-177.5,-9999,-9999,31.99,40.68,-9999
88941,234,35.5809402,-119.0751457,547,-9999,1743,1015.5,127.50,125.70,233.70,0.363,5.4,86.68,90.00,3.4,4.49,1.02,25.00,302.5,-8888,32.8,33.7,951.00,1034.2,7.6,344.6,67.5,26.7,-91.7,-177.7,-9999,-9999,31.99,40.68,-9999
88942,234,35.5809402,-119.0737724,551,-9999,1758,999.5,127.50,125.40,232.80,0.362,5.0,86.81,90.00,3.2,4.68,1.77,25.00,302.5,-8888,32.8,33.8,950.50,1034.3,7.3,341.8,67.5,26.9,-91.7,-177.5,-9999,-9999,31.99,40.68,-9999
88943,234,35.5809402,-119.0723991,556,-9999,1771,1015.5,127.50,124.90,232.10,0.361,4.6,86.78,90.00,3.2,4.93,1.71,25.00,302.5,-8888,32.8,34.0,950.10,1034.1,7.6,338.3,67.5,27.1,-91.7,-177.5,-9999,-9999,31.99,40.68,-9999
88944,234,35.5809402,-119.0710258,561,-9999,1785,1026.0,127.50,124.90,232.10,0.361,4.3,86.75,90.10,3.3,5.31,1.10,24.80,302.4,-8888,32.5,34.1,949.60,1033.9,7.8,339.0,67.5,27.5,-91.6,-177.7,-9999,-9999,31.61,40.12,-9999
88945,234,35.5809402,-119.0696526,567,-9999,1800,1026.5,127.40,124.70,231.60,0.360,4.4,86.78,90.10,3.4,5.06,1.44,24.80,302.4,-8888,32.5,34.2,949.10,1034.0,7.8,338.2,67.5,27.2,-91.6,-177.6,-9999,-9999,31.61,40.12,-9999
88946,234,35.5809402,-119.0682793,572,-9999,1817,1075.5,127.30,124.20,230.70,0.359,4.7,86.75,90.20,3.4,4.93,1.19,24.80,302.5,-8888,32.5,34.2,948.50,1033.9,8.2,336.2,67.5,27.1,-91.6,-177.6,-9999,-9999,31.61,40.12,-9999
88947,234,35.5809402,-119.0667343,578,-9999,1834,1092.0,127.20,123.50,229.30,0.357,4.9,86.67,90.20,3.5,5.02,0.76,24.80,302.5,-8888,32.5,34.2,947.90,1034.0,8.6,332.8,67.5,27.2,-91.6,-177.7,-9999,-9999,31.61,40.12,-9999
88948,234,35.5809402,-119.0653610,584,-9999,1853,1097.5,127.20,124.10,230.60,0.359,5.1,86.68,90.10,3.5,5.01,0.98,24.80,302.6,-8888,32.2,34.3,947.20,1034.3,8.1,335.9,67.5,27.2,-91.6,-177.7,-9999,-9999,31.61,40.12,-9999
88949,234,35.5809402,-119.0639877,590,-9999,1872,1131.0,127.20,124.40,230.90,0.360,5.3,86.52,90.10,3.6,4.93,0.93,24.50,302.4,-8888,32.2,34.3,946.60,1034.0,8.3,338.7,67.5,27.1,-91.6,-177.5,-9999,-9999,31.05,39.30,-9999
88950,234,35.5809402,-119.0626144,596,-9999,1889,1153.0,127.30,124.50,231.00,0.360,5.4,86.47,90.10,3.6,4.83,1.29,24.50,302.4,-8888,32.2,34.3,946.00,1034.2,8.5,338.9,67.5,27.0,-91.6,-177.3,-9999,-9999,31.05,39.30,-9999
88951,234,35.5809402,-119.0612412,601,-9999,1908,1155.0,127.30,123.70,229.50,0.358,5.4,86.44,90.10,3.7,4.64,0.83,24.50,302.5,-8888,32.2,34.5,945.30,1034.5,8.8,334.1,67.6,26.8,-91.6,-177.5,-9999,-9999,31.05,39.30,-9999
88952,234,35.5809402,-119.0596962,607,-9999,1925,1164.0,127.30,123.80,229.60,0.358,5.4,86.56,90.10,3.6,4.41,0.62,24.50,302.5,-8888,32.0,34.5,944.70,1034.2,8.5,334.1,67.6,26.6,-91.6,-177.7,-9999,-9999,31.05,39.30,-9999
88953,234,35.5809402,-119.0583229,612,-9999,1942,1171.0,127.30,124.00,229.90,0.359,5.4,86.70,90.00,3.4,4.45,0.85,24.20,302.3,-8888,32.0,34.7,944.10,1034.2,8.0,333.8,67.6,26.6,-91.6,-177.7,-9999,-9999,30.49,38.49,-9999
88954,234,35.5809402,-119.0569496,617,-9999,1958,1169.5,127.50,124.30,230.30,0.359,5.2,86.70,90.00,3.3,4.67,1.60,24.20,302.3,-8888,32.0,34.7,943.60,1034.3,7.9,334.5,67.6,26.8,-91.6,-177.4,-9999,-9999,30.49,38.49,-9999
88955,234,35.5809402,-119.0555763,622,-9999,1974,1216.5,127.60,124.80,231.80,0.361,5.0,86.59,90.00,3.4,4.92,1.26,24.20,302.4,-8888,32.0,34.7,943.00,1034.1,8.0,337.9,67.6,27.1,-91.6,-177.4,-9999,-9999,30.49,38.49,-9999
88956,234,35.5809402,-119.0542030,626,-9999,1989,1239.5,128.00,125.90,233.50,0.364,4.9,86.61,90.00,3.4,4.97,0.97,24.00,302.2,-8888,31.8,34.6,942.50,1034.2,7.8,342.7,67.6,27.1,-91.6,-177.6,-9999,-9999,30.13,37.96,-9999
88957,234,35.5809402,-119.0526581,631,-9999,2004,1242.5,128.30,125.60,232.80,0.363,4.7,86.58,90.00,3.4,5.00,1.46,24.00,302.3,-8888,31.8,34.6,942.00,1034.1,8.0,338.7,67.6,27.1,-91.6,-177.3,-9999,-9999,30.13,37.96,-9999
88958,234,35.5809402,-119.0512848,636,-9999,2019,1317.0,128.50,125.30,232.20,0.362,4.6,86.36,90.00,3.5,4.93,1.30,24.00,302.3,-8888,31.8,34.3,941.50,1034.2,8.7,336.5,67.6,27.1,-91.6,-177.2,-9999,-9999,30.13,37.96,-9999
88959,234,35.5809402,-119.0499115,641,-9999,2036,1354.0,128.90,125.20,232.20,0.362,4.7,86.11,89.90,3.7,4.83,0.73,24.00,302.4,-8888,31.8,34.2,940.90,1033.8,9.2,334.3,67.6,27.0,-91.6,-177.1,-9999,-9999,30.13,37.96,-9999
88960,234,35.5809402,-119.0483665,647,-9999,2053,1380.0,129.20,126.10,233.60,0.365,4.9,85.94,89.90,3.9,4.62,0.70,24.00,302.4,-8888,31.8,34.1,940.30,1033.9,9.3,338.6,67.6,26.8,-91.6,-177.0,-9999,-9999,30.13,37.96,-9999
88961,234,35.5809402,-119.0469933,653,-9999,2071,1329.5,129.60,127.10,235.60,0.368,5.1,85.72,89.90,4.1,4.52,0.58,23.80,302.3,-8888,31.8,34.1,939.70,1033.9,9.7,342.9,67.6,26.6,-91.6,-176.8,-9999,-9999,29.77,37.44,-9999
88962,234,35.5809402,-119.0456200,659,-9999,2091,1351.5,129.90,128.40,237.80,0.372,5.4,85.68,89.70,4.0,4.42,0.50,23.80,302.3,-8888,31.8,34.1,939.00,1033.8,9.2,348.3,67.6,26.6,-91.6,-176.8,-9999,-9999,29.77,37.44,-9999
88963,234,35.5809402,-119.0440750,665,-9999,2109,1366.5,130.20,128.60,238.20,0.372,5.5,85.65,89.60,3.9,4.30,0.73,23.80,302.4,-8888,32.0,34.2,938.40,1033.7,9.1,347.5,67.6,26.4,-91.6,-176.7,-9999,-9999,29.77,37.44,-9999
88964,234,35.5809402,-119.0427017,670,-9999,2128,1408.5,130.70,128.90,238.90,0.373,5.6,85.61,89.50,3.9,4.14,0.60,23.80,302.5,-8888,32.0,34.2,937.70,1033.8,9.0,346.0,67.6,26.3,-91.6,-176.7,-9999,-9999,29.77,37.44,-9999
88965,234,35.5809402,-119.0413284,676,-9999,2145,1413.0,130.90,129.00,238.70,0.373,5.5,85.69,89.40,3.7,4.13,1.14,23.80,302.5,-8888,32.0,34.3,937.10,1034.0,8.6,344.8,67.6,26.2,-91.6,-176.5,-9999,-9999,29.77,37.44,-9999
88966,234,35.5809402,-119.0397835,680,-9999,2163,1412.5,131.30,129.70,239.90,0.375,5.5,85.84,89.30,3.5,4.11,0.87,23.80,302.6,-8888,32.2,34.5,936.50,1034.2,8.0,346.1,67.6,26.2,-91.6,-176.8,-9999,-9999,29.77,37.44,-9999
88967,234,35.5811119,-119.0384102,685,-9999,2176,1433.5,131.70,130.10,241.10,0.377,5.0,86.01,89.10,3.2,4.37,1.37,23.80,302.6,-8888,32.2,34.7,936.10,1033.8,7.2,344.8,67.6,26.4,-91.6,-176.7,-9999,-9999,29.77,37.44,-9999
88968,234,35.5811119,-119.0368652,689,-9999,2189,1396.5,132.10,130.80,241.70,0.379,4.6,86.05,89.10,3.0,4.60,1.44,23.50,302.4,-8888,32.2,34.8,935.60,1033.7,7.1,347.1,67.6,26.7,-91.6,-176.7,-9999,-9999,29.24,36.66,-9999
88969,234,35.5811119,-119.0354919,695,-9999,2204,1341.0,132.40,131.10,242.20,0.379,4.4,86.17,89.00,2.9,4.60,1.95,23.80,302.7,-8888,32.2,34.9,935.10,1034.0,6.6,346.3,67.6,26.6,-91.6,-176.7,-9999,-9999,29.77,37.44,-9999
88970,234,35.5811119,-119.0339470,700,-9999,2219,1353.0,132.70,131.80,243.60,0.381,4.4,86.04,89.00,2.9,4.57,2.32,23.80,302.8,-8888,32.2,34.8,934.60,1034.0,6.9,350.0,67.6,26.6,-91.6,-176.4,-9999,-9999,29.77,37.44,-9999
88971,234,35.5811119,-119.0325737,705,-9999,2235,1369.0,133.00,132.30,244.40,0.383,4.6,85.83,89.10,3.2,4.43,2.05,23.50,302.5,-8888,32.2,34.7,934.00,1034.0,7.6,352.2,67.6,26.4,-91.6,-176.3,-9999,-9999,29.24,36.66,-9999
88972,234,35.5811119,-119.0310287,710,-9999,2251,1311.0,133.20,132.10,244.00,0.383,4.7,85.77,89.10,3.3,4.28,1.61,23.50,302.5,-8888,32.2,34.6,933.50,1033.8,7.8,349.3,67.6,26.3,-91.6,-176.4,-9999,-9999,29.24,36.66,-9999
88973,234,35.5811119,-119.0294838,715,-9999,2268,1373.5,133.60,132.50,244.70,0.384,4.9,85.72,89.10,3.4,3.52,1.87,23.50,302.6,-8888,32.2,34.5,932.90,1034.0,7.9,349.4,67.7,25.5,-91.6,-176.2,-9999,-9999,29.24,36.66,-9999
88974,234,35.5811119,-119.0281105,719,-9999,2281,1417.5,133.90,132.10,243.80,0.382,4.7,85.61,89.10,3.4,2.87,2.31,23.50,302.6,-8888,32.2,34.2,932.50,1033.4,8.3,344.8,67.7,24.8,-91.5,-176.0,-9999,-9999,29.24,36.66,-9999
88975,234,35.5812836,-119.0265656,721,-9999,2292,1395.0,134.40,132.00,243.70,0.382,4.2,85.31,89.10,3.7,2.20,2.78,23.50,302.7,-8888,32.2,34.0,932.10,1033.8,9.1,342.0,67.7,24.1,-91.5,-175.5,-9999,-9999,29.24,36.66,-9999
88976,234,35.5812836,-119.0250206,722,-9999,2300,1313.5,135.00,132.80,245.20,0.385,3.5,85.09,89.20,4.0,1.79,2.49,23.20,302.4,-8888,32.2,34.0,931.80,1033.8,9.9,344.2,67.7,23.7,-91.5,-175.4,-9999,-9999,28.71,35.90,-9999
88977,234,35.5812836,-119.0236473,722,-9999,2304,1295.5,135.60,133.80,246.90,0.388,2.6,85.01,89.20,4.2,1.56,2.07,23.20,302.4,-8888,32.2,34.0,931.70,1033.6,10.0,346.8,67.7,23.5,-91.5,-175.5,-9999,-9999,28.71,35.90,-9999
88978,234,35.5812836,-119.0221024,722,-9999,2304,1313.0,136.30,135.20,249.40,0.392,1.6,85.14,89.20,4.1,1.37,2.48,23.00,302.2,-8888,32.2,34.0,931.70,1033.8,9.7,350.6,67.7,23.3,-91.5,-175.5,-9999,-9999,28.37,35.40,-9999
88979,234,35.5812836,-119.0205574,720,-9999,2302,1290.5,137.00,135.40,249.80,0.392,0.7,85.17,89.20,4.1,1.37,2.64,23.00,302.2,-8888,32.2,34.0,931.70,1033.5,9.7,347.7,67.7,23.3,-91.5,-175.4,-9999,-9999,28.37,35.40,-9999
88980,234,35.5812836,-119.0190125,719,-9999,2299,1314.0,137.80,136.50,251.90,0.396,0.0,85.23,89.20,4.0,1.47,2.14,23.00,302.2,-8888,32.2,34.0,931.90,1033.7,9.6,349.4,67.7,23.4,-91.5,-175.7,-9999,-9999,28.37,35.40,-9999
88981,234,35.5812836,-119.0174675,718,-9999,2296,1332.5,138.60,136.70,252.40,0.396,-0.6,85.20,89.20,4.0,1.42,2.33,23.00,302.2,-8888,32.2,33.8,932.00,1033.6,9.8,346.0,67.7,23.3,-91.5,-175.6,-9999,-9999,28.37,35.40,-9999
88982,234,35.5812836,-119.0159225,717,-9999,2292,1354.5,139.30,137.50,253.40,0.398,-0.7,85.16,89.20,4.0,1.40,2.10,23.00,302.2,-8888,32.5,33.6,932.10,1033.6,9.9,346.7,67.7,23.3,-91.5,-175.6,-9999,-9999,28.37,35.40,-9999
88983,234,35.5812836,-119.0143776,717,-9999,2290,1300.5,140.00,137.20,252.90,0.397,-0.8,85.06,89.20,4.1,1.51,2.49,23.20,302.4,-8888,32.5,33.5,932.20,1033.8,10.4,341.5,67.7,23.4,-91.5,-175.4,-9999,-9999,28.71,35.90,-9999
88984,234,35.5812836,-119.0128326,717,-9999,2290,1321.0,140.80,137.90,254.80,0.400,-0.6,85.06,89.20,4.2,1.25,1.87,23.20,302.4,-8888,32.8,33.4,932.20,1033.8,10.5,341.1,67.7,23.2,-91.5,-175.6,-9999,-9999,28.71,35.90,-9999
88985,234,35.5814552,-119.0112877,717,-9999,2290,1295.0,141.50,139.10,257.40,0.403,-0.2,85.25,89.20,4.0,1.03,1.85,23.00,302.2,-8888,32.8,33.4,932.20,1033.9,10.0,343.3,67.7,23.0,-91.5,-175.8,-9999,-9999,28.37,35.40,-9999
88986,234,35.5814552,-119.0097427,717,-9999,2290,1215.5,142.20,141.00,260.90,0.409,-0.2,85.21,89.10,3.9,1.01,2.20,23.00,302.2,-8888,32.8,33.4,932.20,1033.8,9.7,350.0,67.7,22.9,-91.5,-175.6,-9999,-9999,28.37,35.40,-9999
