src/spatiotemporal_analysis/USOS_MetNav_MobileLab_20240803.ict
46, 1001
Carrie Womack, Nate Howard, Mike Zucker
NOAA Chemical Sciences Laboratory
Mobile Lab MetNav Station
USOS
1, 1
2024, 08, 03, 2024, 08, 03
1
Time_Start, seconds_past_midnight, Seconds from midnight UTC
13
1, 1, 1, 1, 1, 1, 1, 1, 1, 1, 1, 1, 1
-9999, -9999, -9999, -9999, -9999, -9999, -9999, -9999, -9999, -9999, -9999, -9999, -9999
GPS_Alt_m, meters, Altitude from Differential GPS
GPS_Course_m_s, m/s, Course from Differential GPS
GPS_GndSpd_m_s, m/s, Ground Speed from Differential GPS
GPS_Heading_deg, degrees, Heading from Differential GPS
GPS_Lat_deg, degrees, Latitude from Differential GPS
GPS_Lon_deg, degrees, Longitude from Differential GPS
AirTemp_C, Celsius, Air Temperature from Airmar
RelHumidity_pct, percent, Relative Humidity from Airmar
Pressure_mb, millibars, Pressure from Honeywell
Airmar_WindDir_deg, degrees, Wind Direction from Airmar
Airmar_WindSpd_m_s, m/s, Wind Speed from Airmar
WindDir_calc_deg, degrees, Wind Direction corrected for van movement
WindSpd_calc_m_s, m/s, Wind Speed corrected for van movement
1
SPECIAL COMMENTS:
18
PI_CONTACT_INFO: Address: 325 Broadway R/CSL7, Boulder, CO, 80305
PLATFORM: CSL Mobile Lab
LOCATION: Salt Lake City, UT
ASSOCIATED_DATA: N/A
INSTRUMENT_INFO: N/A
DATA_INFO: Units:
UNCERTAINTY: N/A
ULOD_FLAG: -7777
ULOD_VALUE: N/A
LLOD_FLAG: -8888
LLOD_VALUE: N/A
DM_CONTACT_INFO: Data Manager: Nate Howard
PROJECT_INFO: 
STIPULATIONS_ON_USE: Use of these data require prior ok from PI.
OTHER_COMMENTS: File created by Emily Lill
REVISION: RA
RA: Preliminary Data.  For in-field use only.
Time_Start, GPS_Alt_m, GPS_Course_m_s, GPS_GndSpd_m_s, GPS_Heading_deg, GPS_Lat_deg, GPS_Lon_deg, AirTemp_C, RelHumidity_pct, Pressure_mb, Airmar_WindDir_deg, Airmar_WindSpd_m_s, WindDir_calc_deg, WindSpd_calc_m_s
[from data line 9311]
60431.0,1290.5,290.760,1.75,287.64,40.79390,-111.93080,30.5,24.0,880.8,41,1.3,61.4,1.1
60432.0,1290.4,279.770,2.90,280.37,40.79390,-111.93082,30.4,23.8,880.9,9,2.4,61.7,0.6
60433.0,1290.5,270.910,4.14,272.61,40.79390,-111.93087,30.4,23.7,880.6,359,3.2,95.4,1.0
60434.0,1290.5,267.100,4.88,268.98,40.79390,-111.93092,30.4,23.5,880.7,3,4.3,67.8,0.6
60435.0,1290.5,267.280,5.87,268.84,40.79390,-111.93098,30.4,23.5,880.4,353,5.9,173.6,0.7
60436.0,1290.4,268.750,6.25,269.07,40.79390,-111.93106,30.4,23.3,880.3,342,5.6,149.4,2.0
60437.0,1290.4,269.210,6.52,269.89,40.79390,-111.93113,30.3,23.0,880.1,344,4.6,121.6,2.4
60438.0,1290.4,270.510,6.79,270.72,40.79390,-111.93121,30.3,22.9,880.1,354,5.4,111.0,1.5
60439.0,1290.4,270.430,6.63,271.04,40.79390,-111.93129,30.2,22.9,880.1,359,5.7,99.1,0.9
60440.0,1290.4,270.720,6.44,270.92,40.79390,-111.93137,30.2,23.1,880.2,356,5.3,108.5,1.2
60441.0,1290.4,270.450,6.14,270.77,40.79390,-111.93144,30.2,23.2,880.1,354,4.9,112.2,1.3
60442.0,1290.4,270.950,6.07,270.66,40.79390,-111.93152,30.3,23.2,880.1,346,4.7,128.1,1.9
60443.0,1290.4,271.360,6.16,270.42,40.79390,-111.93159,30.2,23.3,880.1,346,4.3,119.2,2.3
60444.0,1290.5,269.020,6.22,270.30,40.79390,-111.93166,30.3,23.3,880.1,358,4.5,93.9,1.7
60445.0,1290.6,270.440,6.39,270.18,40.79390,-111.93173,30.2,23.3,880.1,4,4.9,75.8,1.5
60446.0,1290.5,268.080,6.54,269.95,40.79390,-111.93181,30.2,23.3,880.1,1,5.5,84.5,1.1
60447.0,1290.5,268.940,6.61,270.01,40.79390,-111.93189,30.1,23.4,880.1,358,5.0,94.5,1.6
60448.0,1290.5,269.510,6.69,270.63,40.79390,-111.93197,30.2,23.4,880.0,354,4.7,103.2,2.0
60449.0,1290.6,270.870,6.91,271.37,40.79390,-111.93205,30.2,23.3,880.0,349,4.8,113.2,2.4
60450.0,1290.6,270.320,6.84,271.50,40.79390,-111.93213,30.3,23.2,880.0,347,4.8,117.0,2.4
60451.0,1290.6,271.080,6.54,271.45,40.79390,-111.93221,30.2,23.2,880.0,350,5.8,142.0,1.3
60452.0,1290.6,271.710,6.40,271.51,40.79390,-111.93229,30.2,23.2,880.0,346,5.1,131.8,1.9
60453.0,1290.6,270.280,6.16,271.10,40.79391,-111.93236,30.3,23.1,880.0,347,4.5,120.4,2.1
60454.0,1290.6,270.160,6.11,270.40,40.79391,-111.93244,30.3,23.1,880.0,359,5.0,94.4,1.1
60455.0,1290.7,271.290,5.74,270.11,40.79391,-111.93251,30.3,23.2,880.0,5,4.4,75.9,1.4
60456.0,1290.7,268.330,5.57,269.76,40.79391,-111.93257,30.2,23.6,880.0,8,3.9,70.7,1.8
60457.0,1290.7,266.410,5.23,268.92,40.79390,-111.93264,30.2,24.0,880.0,346,4.6,142.9,1.3
60458.0,1290.7,266.230,4.99,268.77,40.79390,-111.93270,30.1,23.9,880.0,347,5.1,175.0,1.2
60459.0,1290.7,267.720,5.05,268.75,40.79390,-111.93276,30.1,23.7,880.0,344,5.3,179.4,1.5
60460.0,1290.7,268.490,5.24,268.66,40.79390,-111.93282,30.2,23.5,880.0,346,5.1,165.0,1.3
60461.0,1290.7,268.910,5.35,268.80,40.79390,-111.93288,30.3,23.3,879.9,350,5.4,174.6,0.9
60462.0,1290.7,267.610,5.24,269.13,40.79390,-111.93294,30.3,23.2,879.9,356,5.6,222.4,0.5
60463.0,1290.7,268.380,5.28,270.01,40.79390,-111.93301,30.2,23.4,879.9,359,5.0,105.3,0.2
60464.0,1290.7,273.250,5.16,271.47,40.79390,-111.93307,30.2,23.5,880.0,358,5.2,180.8,0.2
60465.0,1290.7,271.930,4.50,275.59,40.79390,-111.93313,30.2,23.5,880.0,346,4.0,148.3,1.2
60466.0,1290.6,279.800,3.89,282.27,40.79390,-111.93317,30.3,23.5,880.0,340,4.5,201.2,1.6
60467.0,1290.6,288.930,3.23,291.28,40.79391,-111.93321,30.4,23.5,880.0,319,3.2,178.1,2.3
60468.0,1290.5,300.340,3.13,304.14,40.79392,-111.93325,30.3,23.4,880.0,302,3.2,182.0,3.0
60469.0,1290.4,323.140,3.43,320.21,40.79394,-111.93328,30.4,23.2,880.0,307,2.9,197.2,2.9
60470.0,1290.4,332.650,3.59,335.80,40.79397,-111.93330,30.4,23.1,880.0,324,1.7,176.6,2.4
60471.0,1290.5,346.760,4.13,349.29,40.79400,-111.93332,30.4,22.9,880.1,345,1.6,175.6,2.6
60472.0,1290.5,353.540,5.33,356.82,40.79404,-111.93333,30.4,22.9,880.2,340,2.6,191.0,3.0
60473.0,1290.5,358.020,6.12,359.62,40.79409,-111.93333,30.5,22.7,880.2,353,2.7,183.3,3.5
60474.0,1290.6,0.460,7.00,0.22,40.79415,-111.93333,30.3,22.6,880.2,4,2.8,177.6,4.3
60475.0,1290.5,0.220,7.21,359.81,40.79421,-111.93333,30.4,22.4,880.2,1,2.9,179.3,4.4
60476.0,1290.5,359.670,7.49,350.02,40.79428,-111.93333,30.4,22.3,880.1,7,3.2,174.5,4.3
60477.0,1290.5,1.080,7.92,341.11,40.79435,-111.93333,30.3,22.2,880.1,358,4.0,182.6,3.9
60478.0,1290.5,1.190,8.07,335.65,40.79442,-111.93333,30.1,22.2,880.0,355,6.8,206.1,1.4
60479.0,1290.4,357.990,7.59,331.69,40.79450,-111.93333,30.2,22.4,880.0,351,6.2,211.8,1.8
60480.0,1290.4,0.290,7.38,327.70,40.79457,-111.93333,30.1,22.5,880.1,356,5.1,188.9,2.3
60481.0,1290.3,357.660,7.09,325.27,40.79463,-111.93333,30.1,22.7,879.9,17,4.1,156.3,3.4
60482.0,1290.6,0.800,7.18,321.26,40.79470,-111.93333,30.2,22.8,880.0,21,4.6,150.5,3.3
60483.0,1290.8,0.810,6.63,325.28,40.79476,-111.93333,30.3,22.8,880.0,18,4.4,152.0,2.8
60484.0,1290.8,357.410,6.62,335.25,40.79482,-111.93333,30.3,22.7,880.0,7,4.6,161.5,2.1
60485.0,1290.8,358.330,6.82,338.12,40.79488,-111.93333,30.3,22.7,880.0,14,4.0,160.4,3.1
60486.0,1290.8,359.710,6.86,338.08,40.79494,-111.93334,30.3,22.7,880.1,15,4.0,160.9,3.2
60487.0,1290.7,358.330,7.05,337.88,40.79500,-111.93334,30.2,22.7,880.0,13,4.0,161.8,3.3
60488.0,1290.7,358.090,7.28,337.36,40.79506,-111.93334,30.3,22.8,880.0,5,4.1,171.7,3.2
60489.0,1290.6,358.840,7.39,336.95,40.79513,-111.93334,30.3,22.9,880.0,14,4.8,155.9,3.0
60490.0,1290.6,357.980,7.51,336.80,40.79519,-111.93335,30.3,22.8,880.0,16,4.9,152.3,3.1
60491.0,1290.6,358.790,7.48,336.95,40.79526,-111.93335,30.2,22.8,880.0,11,5.3,155.0,2.5
60492.0,1290.6,0.270,7.62,336.86,40.79533,-111.93335,30.1,22.9,880.0,12,5.7,149.3,2.4
60493.0,1290.7,359.720,7.66,336.10,40.79540,-111.93335,30.1,23.0,880.0,10,6.1,145.5,2.0
60494.0,1290.6,358.790,7.88,335.38,40.79547,-111.93335,30.1,23.2,880.0,20,6.1,134.4,3.0
60495.0,1290.6,359.690,7.83,334.78,40.79554,-111.93335,30.2,23.3,880.0,32,6.8,119.0,4.1
60496.0,1290.5,0.230,7.61,334.59,40.79561,-111.93335,30.3,23.4,880.1,28,5.8,132.6,3.6
60497.0,1290.5,359.290,7.72,334.71,40.79568,-111.93335,30.2,23.3,880.2,9,5.4,159.7,2.6
60498.0,1290.5,1.220,7.95,333.47,40.79575,-111.93335,30.2,23.3,880.1,3,5.8,174.4,2.2
60499.0,1290.2,359.910,7.92,332.89,40.79582,-111.93335,30.1,23.2,880.1,12,6.0,148.2,2.5
60500.0,1290.0,0.160,8.09,332.76,40.79589,-111.93335,30.2,23.2,880.0,14,5.4,156.5,3.2
60501.0,1289.9,358.510,8.23,332.72,40.79597,-111.93335,30.2,23.2,880.0,16,6.5,136.4,2.7
60502.0,1289.8,359.420,8.43,332.53,40.79604,-111.93335,30.2,23.4,880.0,14,7.0,132.4,2.4
60503.0,1289.7,0.580,8.44,332.45,40.79612,-111.93336,30.2,23.8,880.0,9,7.3,139.0,1.6
60504.0,1289.6,0.050,8.33,332.44,40.79619,-111.93336,30.2,24.0,880.1,8,7.1,141.2,1.6
60505.0,1289.6,359.980,8.23,332.91,40.79627,-111.93336,30.1,24.0,880.0,3,6.9,165.1,1.4
60506.0,1289.5,359.680,8.21,333.08,40.79634,-111.93336,30.1,24.0,880.0,8,7.0,143.3,1.6
60507.0,1289.4,0.770,7.98,333.50,40.79641,-111.93336,30.1,23.9,880.0,11,6.9,133.0,1.8
60508.0,1289.3,0.080,7.89,333.70,40.79649,-111.93336,30.1,23.9,880.1,8,6.6,147.1,1.6
60509.0,1289.3,359.620,7.56,333.78,40.79655,-111.93336,30.1,23.8,880.0,7,6.1,153.6,1.6
60510.0,1289.2,359.940,7.21,334.44,40.79662,-111.93336,30.1,23.9,880.1,11,6.1,136.6,1.7
60511.0,1289.2,1.120,7.28,334.92,40.79669,-111.93335,30.1,23.9,880.1,8,6.2,145.4,1.4
60512.0,1289.2,2.620,7.42,335.30,40.79676,-111.93335,30.1,24.0,880.0,7,6.2,152.6,1.4
60513.0,1289.2,2.280,7.36,335.50,40.79682,-111.93335,30.1,24.0,880.1,13,6.6,123.6,1.7
60514.0,1289.2,2.240,7.55,335.42,40.79689,-111.93335,30.1,23.9,880.2,9,6.4,143.7,1.6
60515.0,1289.1,2.520,7.31,335.28,40.79696,-111.93334,30.1,23.9,880.1,12,6.1,140.7,1.8
60516.0,1289.1,1.970,7.34,334.87,40.79702,-111.93334,30.1,23.9,880.2,20,6.3,126.0,2.6
60517.0,1289.1,0.830,7.06,334.58,40.79709,-111.93334,30.1,23.8,880.2,26,5.9,125.6,3.2
60518.0,1289.2,1.090,6.87,334.42,40.79715,-111.93334,30.1,23.5,880.2,21,4.9,143.2,2.8
60519.0,1289.2,358.850,6.78,334.10,40.79721,-111.93334,30.1,23.2,880.2,16,5.3,138.7,2.3
60520.0,1289.2,0.710,6.90,334.07,40.79727,-111.93333,30.1,23.2,880.2,12,6.1,127.8,1.6
60521.0,1289.2,359.940,7.34,333.69,40.79734,-111.93333,30.1,23.1,880.2,15,6.0,135.5,2.2
60522.0,1288.9,1.820,7.22,333.95,40.79741,-111.93333,30.1,23.1,880.1,16,5.7,139.4,2.3
60523.0,1288.3,1.650,6.58,333.97,40.79747,-111.93333,30.1,23.0,880.2,17,5.0,141.4,2.3
60524.0,1288.1,358.420,6.94,333.96,40.79753,-111.93333,30.1,23.0,880.2,17,4.5,152.2,3.0
60525.0,1288.0,359.160,6.71,334.01,40.79759,-111.93333,30.1,23.0,880.1,16,4.4,152.5,2.7
60526.0,1287.9,358.350,6.00,334.24,40.79765,-111.93333,30.2,23.0,880.1,19,4.3,141.6,2.4
60527.0,1287.8,1.950,5.25,337.04,40.79770,-111.93333,30.3,23.0,880.0,23,3.9,140.1,2.2
60528.0,1287.7,9.110,4.11,344.18,40.79774,-111.93333,30.4,23.1,880.0,37,3.7,125.9,2.5
60529.0,1287.7,16.570,3.28,353.20,40.79777,-111.93332,30.5,23.2,880.2,49,3.0,136.3,2.6
60530.0,1287.7,26.590,3.18,4.54,40.79780,-111.93330,30.4,23.3,880.3,38,3.4,131.1,2.2
60531.0,1287.7,42.060,3.06,17.15,40.79783,-111.93328,30.3,23.3,880.3,41,3.6,139.6,2.4
60532.0,1287.7,48.510,3.56,29.92,40.79785,-111.93326,30.3,23.3,880.3,32,4.2,137.7,2.2
60533.0,1287.7,63.750,3.82,43.69,40.79786,-111.93322,30.4,23.4,880.2,20,3.8,163.4,1.3
60534.0,1287.6,85.290,4.12,55.88,40.79787,-111.93317,30.4,23.6,880.2,18,4.2,179.5,1.3
60535.0,1287.7,87.970,4.60,63.27,40.79788,-111.93312,30.3,23.6,880.3,14,4.6,185.6,1.1
60536.0,1287.6,91.470,5.25,66.33,40.79788,-111.93306,30.3,23.8,880.4,14,5.2,193.0,1.3
60537.0,1287.6,90.300,6.43,66.80,40.79788,-111.93299,30.3,24.0,880.4,18,5.9,204.2,1.9
60538.0,1287.6,90.090,6.76,66.84,40.79788,-111.93292,30.2,24.0,880.5,13,6.4,200.9,1.5
60539.0,1287.5,87.060,7.14,66.91,40.79788,-111.93283,30.1,24.1,880.3,13,7.1,185.3,1.6
60540.0,1287.5,90.230,7.38,67.07,40.79788,-111.93275,30.2,24.1,880.4,8,7.0,202.5,1.1
60541.0,1287.6,89.960,7.69,67.19,40.79788,-111.93266,30.2,24.0,880.5,10,7.5,191.2,1.4
60542.0,1287.7,91.150,7.91,67.28,40.79788,-111.93256,30.1,24.0,880.3,11,8.5,166.7,1.7
60543.0,1287.7,90.390,7.93,67.45,40.79788,-111.93247,30.1,24.0,880.3,13,7.6,197.6,1.7
60544.0,1287.7,90.740,8.09,67.50,40.79788,-111.93238,30.1,24.0,880.2,10,7.3,213.6,1.6
60545.0,1287.7,92.640,8.07,67.56,40.79788,-111.93228,30.2,24.0,880.1,12,7.5,206.6,1.7
60546.0,1287.7,89.320,8.06,67.56,40.79788,-111.93218,30.2,24.1,880.0,10,7.0,222.5,1.6
60547.0,1287.8,87.030,8.36,67.65,40.79788,-111.93209,30.1,24.1,880.0,7,7.8,209.3,1.2
60548.0,1287.7,93.370,8.20,67.63,40.79788,-111.93199,30.1,24.2,880.0,4,7.9,216.3,0.7
60549.0,1287.9,89.890,8.43,67.73,40.79788,-111.93189,30.1,24.1,880.0,4,8.3,193.3,0.6
60550.0,1287.9,90.700,8.25,67.69,40.79788,-111.93179,30.1,24.0,880.1,2,8.8,122.6,0.6
60551.0,1288.0,90.080,8.57,67.89,40.79788,-111.93170,30.1,23.8,880.1,1,9.7,95.1,1.2
60552.0,1288.1,91.250,8.32,68.26,40.79788,-111.93160,30.0,23.6,880.1,11,9.3,154.9,1.9
60553.0,1288.0,92.180,8.59,68.21,40.79788,-111.93149,30.1,23.3,880.0,12,8.4,195.3,1.8
60554.0,1287.9,91.290,8.51,68.35,40.79788,-111.93139,30.0,23.2,880.2,15,8.3,194.0,2.2
60555.0,1287.9,91.110,8.39,68.55,40.79788,-111.93129,30.1,23.0,880.1,17,8.0,199.6,2.5
60556.0,1287.9,90.130,8.00,68.82,40.79788,-111.93119,30.1,22.9,880.2,16,7.2,208.8,2.3
60557.0,1287.9,89.660,7.97,68.88,40.79788,-111.93110,30.1,23.0,880.2,7,6.5,240.6,1.7
60558.0,1287.9,92.250,7.47,69.17,40.79788,-111.93101,30.1,23.1,880.2,11,7.0,204.7,1.5
60559.0,1287.9,91.100,7.26,69.19,40.79788,-111.93092,30.1,23.1,880.0,8,6.8,207.5,1.1
60560.0,1287.9,88.110,7.01,69.51,40.79788,-111.93084,30.1,23.0,880.0,1,6.4,253.0,0.6
60561.0,1287.9,90.840,6.78,69.90,40.79788,-111.93076,30.2,22.9,880.0,6,6.8,184.0,0.7
60562.0,1287.9,91.490,6.44,70.56,40.79788,-111.93068,30.2,22.9,880.0,14,6.1,202.2,1.6
60563.0,1288.0,91.410,6.23,71.18,40.79787,-111.93061,30.1,22.9,880.0,15,5.5,213.7,1.7
60564.0,1287.9,93.310,5.88,71.25,40.79787,-111.93053,30.1,22.8,880.0,9,5.2,225.5,1.1
60565.0,1288.0,93.640,5.00,91.92,40.79787,-111.93047,30.1,22.8,880.1,10,4.7,205.8,0.9
60566.0,1288.0,92.330,4.16,92.35,40.79787,-111.93042,30.2,22.9,880.0,15,3.9,204.6,1.1
60567.0,1288.0,96.020,3.33,94.10,40.79787,-111.93037,30.3,23.0,880.0,20,3.4,193.8,1.1
60568.0,1288.0,95.210,2.71,97.73,40.79787,-111.93033,30.4,23.0,880.2,27,3.7,165.5,1.8
60569.0,1288.0,98.730,2.56,103.16,40.79786,-111.93030,30.3,23.0,880.0,28,3.8,164.4,2.0
60570.0,1287.9,108.320,2.61,109.79,40.79785,-111.93027,30.3,22.9,880.0,31,4.4,171.2,2.6
60571.0,1287.9,119.120,2.56,116.93,40.79785,-111.93024,30.3,22.9,880.2,31,5.2,174.8,3.2
60572.0,1287.8,109.810,2.59,125.88,40.79783,-111.93022,30.4,22.8,880.3,18,3.3,169.8,1.2
60573.0,1287.8,138.220,2.38,136.05,40.79782,-111.93020,30.4,22.8,880.4,13,3.4,178.2,1.2
60574.0,1288.0,149.420,3.19,148.77,40.79780,-111.93018,30.4,22.7,880.3,17,3.8,216.5,1.2
60575.0,1288.0,158.930,3.72,154.38,40.79778,-111.93016,30.4,22.7,880.4,17,4.6,221.1,1.5
60576.0,1288.1,169.840,4.07,164.83,40.79774,-111.93015,30.3,22.7,880.5,16,5.0,231.2,1.6
60577.0,1287.9,175.900,4.93,179.74,40.79770,-111.93014,30.3,22.7,880.3,15,5.3,257.2,1.4
60578.0,1287.8,178.310,5.50,187.49,40.79765,-111.93014,30.1,22.7,880.2,14,5.5,277.2,1.3
60579.0,1287.8,178.020,5.84,192.05,40.79760,-111.93014,30.1,22.7,880.2,6,5.9,269.4,0.7
60580.0,1287.7,179.550,6.29,194.59,40.79754,-111.93014,30.1,22.6,880.1,0,6.1,345.4,0.2
60581.0,1287.7,183.420,6.96,203.04,40.79749,-111.93014,30.1,22.5,880.3,359,6.2,12.7,0.8
60582.0,1287.9,180.770,6.70,209.87,40.79743,-111.93014,30.1,22.6,880.2,7,7.1,250.4,0.9
60583.0,1288.0,181.380,6.80,213.00,40.79737,-111.93014,30.1,22.6,880.1,1,7.9,191.3,1.1
60584.0,1288.1,182.020,6.79,212.38,40.79731,-111.93015,30.1,22.5,880.2,359,7.9,176.2,1.1
60585.0,1288.3,180.350,6.47,191.90,40.79725,-111.93015,30.0,22.4,880.2,360,7.4,178.8,1.0
60586.0,1288.4,179.580,6.50,179.70,40.79719,-111.93015,30.0,22.5,880.1,358,7.4,163.5,0.9
60587.0,1288.6,179.670,6.81,172.26,40.79713,-111.93015,30.1,22.5,880.1,352,7.8,127.2,1.4
60588.0,1288.8,180.180,6.73,168.03,40.79707,-111.93015,30.1,22.5,880.1,348,7.4,107.6,1.7
60589.0,1288.9,179.120,6.52,182.58,40.79701,-111.93015,30.2,22.5,880.1,352,8.0,139.7,1.8
60590.0,1289.2,181.820,6.26,183.07,40.79695,-111.93015,30.1,22.5,880.1,354,7.8,154.5,1.7
60591.0,1289.2,180.700,5.80,181.56,40.79689,-111.93015,30.1,22.5,879.9,349,7.3,134.9,2.0
60592.0,1289.4,178.850,4.58,178.31,40.79684,-111.93015,30.1,22.5,879.9,346,5.5,118.2,1.5
60593.0,1289.7,179.900,2.87,176.29,40.79681,-111.93015,30.2,22.6,880.2,336,4.4,122.9,2.1
60594.0,1289.9,178.390,2.74,175.48,40.79678,-111.93014,30.2,22.6,880.3,341,3.8,123.2,1.5
60595.0,1290.0,182.680,2.94,163.95,40.79676,-111.93014,30.3,22.7,880.3,347,3.6,126.6,1.0
60596.0,1290.0,181.570,2.69,153.27,40.79673,-111.93014,30.3,22.7,880.7,341,3.7,126.5,1.5
60597.0,1290.1,180.100,3.84,146.58,40.79670,-111.93014,30.3,22.7,880.9,341,4.7,113.2,1.7
60598.0,1290.1,178.180,4.39,142.25,40.79667,-111.93014,30.3,22.5,880.6,347,5.9,132.1,1.9
60599.0,1290.1,176.950,5.09,139.05,40.79662,-111.93014,30.4,22.4,880.6,344,5.6,98.0,1.6
60600.0,1290.2,179.960,5.50,148.57,40.79658,-111.93014,30.4,22.4,880.6,352,5.8,106.6,0.9
60601.0,1290.1,178.650,5.99,155.31,40.79653,-111.93014,30.2,22.4,880.4,4,5.4,327.5,0.7
60602.0,1290.1,182.570,5.61,159.14,40.79648,-111.93014,30.2,22.6,880.4,357,6.0,141.5,0.5
60603.0,1290.2,182.310,5.22,161.07,40.79643,-111.93014,30.2,22.7,880.0,352,6.7,149.6,1.7
60604.0,1290.2,179.280,4.87,162.12,40.79638,-111.93014,30.1,22.5,880.0,350,6.3,139.8,1.7
60605.0,1290.2,173.790,4.22,162.79,40.79634,-111.93015,30.1,22.4,880.0,344,4.3,80.7,1.2
60606.0,1290.0,177.650,3.09,166.45,40.79631,-111.93015,30.1,22.3,880.0,345,4.4,132.2,1.6
60607.0,1290.0,185.740,2.41,175.05,40.79629,-111.93015,30.2,22.3,880.0,347,2.7,111.3,0.6
60608.0,1289.9,197.310,1.99,185.92,40.79627,-111.93016,30.3,22.2,880.1,342,1.7,75.1,0.6
60609.0,1289.8,200.510,1.63,197.48,40.79625,-111.93017,30.4,22.3,880.1,326,1.6,90.9,0.9
60610.0,1289.8,228.760,1.57,208.54,40.79624,-111.93018,30.5,22.3,880.2,318,0.8,78.4,1.1
60611.0,1289.7,229.260,1.83,219.53,40.79623,-111.93019,30.4,22.4,880.4,338,0.6,59.6,1.3
60612.0,1289.7,239.540,1.96,230.65,40.79622,-111.93021,30.5,22.4,880.4,345,0.8,70.0,1.2
