src/spatiotemporal_analysis/USOS_MetNav_MobileLab_20240803.ict
46, 1001
Carrie Womack, Nate Howard, Mike Zucker
NOAA Chemical Sciences Laboratory
Mobile Lab MetNav Station
USOS
1, 1
2024, 08, 03, 2024, 08, 03
1
Time_Start, seconds_past_midnight, Seconds from midnight UTC
13
1, 1, 1, 1, 1, 1, 1, 1, 1, 1, 1, 1, 1
-9999, -9999, -9999, -9999, -9999, -9999, -9999, -9999, -9999, -9999, -9999, -9999, -9999
GPS_Alt_m, meters, Altitude from Differential GPS
GPS_Course_m_s, m/s, Course from Differential GPS
GPS_GndSpd_m_s, m/s, Ground Speed from Differential GPS
GPS_Heading_deg, degrees, Heading from Differential GPS
GPS_Lat_deg, degrees, Latitude from Differential GPS
GPS_Lon_deg, degrees, Longitude from Differential GPS
AirTemp_C, Celsius, Air Temperature from Airmar
RelHumidity_pct, percent, Relative Humidity from Airmar
Pressure_mb, millibars, Pressure from Honeywell
Airmar_WindDir_deg, degrees, Wind Direction from Airmar
Airmar_WindSpd_m_s, m/s, Wind Speed from Airmar
WindDir_calc_deg, degrees, Wind Direction corrected for van movement
WindSpd_calc_m_s, m/s, Wind Speed corrected for van movement
1
SPECIAL COMMENTS:
18
PI_CONTACT_INFO: Address: 325 Broadway R/CSL7, Boulder, CO, 80305
PLATFORM: CSL Mobile Lab
LOCATION: Salt Lake City, UT
ASSOCIATED_DATA: N/A
INSTRUMENT_INFO: N/A
DATA_INFO: Units:
UNCERTAINTY: N/A
ULOD_FLAG: -7777
ULOD_VALUE: N/A
LLOD_FLAG: -8888
LLOD_VALUE: N/A
DM_CONTACT_INFO: Data Manager: Nate Howard
PROJECT_INFO: 
STIPULATIONS_ON_USE: Use of these data require prior ok from PI.
OTHER_COMMENTS: File created by Emily Lill
REVISION: RA
RA: Preliminary Data.  For in-field use only.
Time_Start, GPS_Alt_m, GPS_Course_m_s, GPS_GndSpd_m_s, GPS_Heading_deg, GPS_Lat_deg, GPS_Lon_deg, AirTemp_C, RelHumidity_pct, Pressure_mb, Airmar_WindDir_deg, Airmar_WindSpd_m_s, WindDir_calc_deg, WindSpd_calc_m_s
[from data line 4033]
55153.0,1310.6,359.360,11.31,359.23,40.85357,-111.91184,26.5,25.0,878.5,5,11.4,86.2,1.1
55154.0,1310.3,0.420,11.06,359.59,40.85367,-111.91184,26.6,25.0,878.7,7,11.2,87.1,1.4
55155.0,1310.1,0.270,11.39,359.32,40.85377,-111.91184,26.5,25.1,878.9,5,10.8,125.9,1.2
55156.0,1309.9,359.310,11.41,359.07,40.85387,-111.91184,26.6,25.1,878.9,9,10.8,113.5,1.9
55157.0,1309.7,359.750,11.56,359.00,40.85397,-111.91184,26.5,25.0,878.6,12,11.0,109.0,2.3
55158.0,1309.6,359.830,11.34,358.96,40.85407,-111.91184,26.5,24.9,878.5,8,10.8,112.0,1.7
55159.0,1309.4,359.960,10.84,359.03,40.85417,-111.91184,26.6,24.7,878.5,7,10.9,90.2,1.3
55160.0,1309.3,359.750,10.84,359.15,40.85427,-111.91184,26.6,24.7,878.6,10,10.6,101.9,2.0
55161.0,1309.2,0.040,10.38,359.20,40.85437,-111.91184,26.6,24.6,878.6,7,10.1,104.2,1.2
55162.0,1309.1,359.720,10.33,359.25,40.85446,-111.91184,26.7,24.6,878.6,4,10.1,106.2,0.7
55163.0,1309.1,0.380,10.18,359.45,40.85455,-111.91184,26.6,24.5,878.5,5,9.9,111.4,0.9
55164.0,1309.0,359.210,9.82,359.41,40.85464,-111.91184,26.6,24.5,878.8,8,9.3,113.9,1.4
55165.0,1308.9,359.160,9.74,359.44,40.85473,-111.91184,26.6,24.5,878.7,14,9.3,105.9,2.4
55166.0,1308.9,359.750,9.52,359.57,40.85482,-111.91184,26.5,24.5,878.6,16,9.6,95.6,2.7
55167.0,1308.9,359.470,9.27,359.63,40.85490,-111.91184,26.6,24.4,878.6,18,8.9,105.3,2.8
55168.0,1309.1,359.840,9.03,359.67,40.85498,-111.91184,26.7,24.3,878.6,15,8.7,106.2,2.3
55169.0,1309.3,359.910,8.68,359.74,40.85506,-111.91185,26.8,24.2,878.4,17,8.9,94.4,2.6
55170.0,1309.3,359.320,8.49,359.97,40.85514,-111.91185,26.7,24.1,878.5,14,8.1,106.9,2.1
55171.0,1309.3,359.570,8.21,0.10,40.85522,-111.91185,26.7,24.1,878.6,14,8.2,96.3,2.0
55172.0,1309.2,0.170,7.77,0.10,40.85529,-111.91185,26.7,24.0,878.7,16,7.7,100.1,2.2
55173.0,1309.1,0.920,7.36,0.17,40.85536,-111.91185,26.7,23.9,878.8,17,7.3,101.3,2.2
55174.0,1308.9,0.630,6.71,0.42,40.85542,-111.91185,26.7,23.9,878.5,17,5.8,124.7,2.1
55175.0,1308.8,0.490,5.07,0.75,40.85547,-111.91185,26.8,23.8,878.6,16,4.6,115.8,1.4
55176.0,1308.7,0.120,3.76,0.88,40.85551,-111.91185,26.8,23.7,878.7,23,4.0,93.7,1.6
55177.0,1308.7,0.450,2.66,0.98,40.85554,-111.91184,26.8,23.6,878.7,34,3.5,82.5,2.0
55178.0,1308.6,1.770,2.42,1.04,40.85556,-111.91184,26.9,23.6,878.5,45,2.9,101.6,2.1
55179.0,1308.5,358.920,2.64,0.94,40.85558,-111.91184,26.9,23.5,878.5,42,3.0,101.6,2.0
55180.0,1308.5,359.320,2.59,0.84,40.85561,-111.91184,27.0,23.5,878.4,40,3.2,92.7,2.1
55181.0,1308.4,0.470,2.56,0.68,40.85563,-111.91184,27.0,23.5,878.4,36,3.2,90.8,1.9
55182.0,1308.3,0.070,2.60,0.49,40.85565,-111.91184,27.0,23.5,878.4,40,3.3,92.0,2.1
55183.0,1308.3,359.400,2.53,0.35,40.85568,-111.91184,27.0,23.5,878.4,40,3.3,90.5,2.1
55184.0,1308.2,2.480,1.85,0.23,40.85570,-111.91184,27.1,23.4,878.7,40,2.6,87.1,1.7
55185.0,1308.2,0.250,1.89,0.18,40.85571,-111.91184,27.2,23.4,879.0,52,2.6,98.6,2.1
55186.0,1308.1,0.400,3.40,0.17,40.85574,-111.91184,27.1,23.3,878.9,28,3.6,99.2,1.7
55187.0,1308.0,359.070,4.41,359.97,40.85577,-111.91184,27.1,23.3,878.9,20,4.4,100.3,1.6
55188.0,1308.0,359.410,5.38,359.67,40.85582,-111.91184,27.0,23.2,878.7,19,5.2,104.7,1.7
55189.0,1308.0,359.360,6.46,359.67,40.85587,-111.91184,27.1,23.2,878.7,16,5.9,116.2,1.8
55190.0,1308.1,359.690,7.03,359.97,40.85593,-111.91184,27.0,23.1,878.9,15,6.4,117.4,1.9
55191.0,1308.2,1.130,7.73,0.27,40.85600,-111.91184,27.0,23.1,879.0,13,7.0,120.2,1.8
55192.0,1308.2,0.360,7.96,0.26,40.85607,-111.91184,27.0,23.1,879.0,11,7.8,101.6,1.6
55193.0,1308.1,0.290,8.16,0.18,40.85614,-111.91184,27.0,23.1,879.1,9,7.9,105.7,1.3
55194.0,1308.1,359.630,8.03,359.80,40.85621,-111.91184,26.9,22.9,879.0,11,7.7,107.2,1.6
55195.0,1308.1,358.920,8.29,359.51,40.85628,-111.91184,26.8,22.8,878.7,10,7.7,117.1,1.5
55196.0,1308.1,359.150,8.57,359.51,40.85636,-111.91184,26.8,22.8,878.7,10,7.8,124.7,1.6
55197.0,1308.0,359.310,8.86,359.77,40.85644,-111.91184,26.8,22.7,878.8,8,8.0,129.8,1.5
55198.0,1308.0,359.530,8.95,359.83,40.85652,-111.91185,26.9,22.8,879.1,12,8.1,120.7,2.0
55199.0,1308.1,0.010,8.62,0.21,40.85660,-111.91185,26.8,22.9,878.7,11,7.3,137.1,2.0
55200.0,1308.0,0.020,8.43,0.35,40.85668,-111.91185,26.8,23.1,878.8,14,7.0,134.0,2.4
55201.0,1308.0,0.070,8.20,0.55,40.85675,-111.91184,26.8,23.0,878.9,14,6.2,146.8,2.6
55202.0,1308.0,1.170,8.07,0.84,40.85682,-111.91184,26.8,22.9,878.9,16,5.8,149.0,3.0
55203.0,1308.0,0.550,7.94,0.99,40.85689,-111.91184,26.8,22.8,879.0,17,6.9,123.5,2.4
55204.0,1308.0,2.240,7.79,1.32,40.85697,-111.91184,26.8,23.0,879.1,16,6.6,129.5,2.4
55205.0,1308.0,1.250,7.77,0.38,40.85704,-111.91184,26.8,23.0,879.1,16,6.9,121.4,2.2
55206.0,1308.0,357.800,7.84,359.86,40.85711,-111.91184,26.8,23.0,879.0,14,6.4,135.3,2.2
55207.0,1307.8,1.400,7.97,0.10,40.85718,-111.91184,26.9,23.0,878.9,8,6.5,150.1,1.8
55208.0,1307.6,1.680,8.11,0.11,40.85725,-111.91184,26.8,23.0,879.0,9,7.4,124.3,1.4
55209.0,1307.5,359.840,8.49,359.13,40.85732,-111.91184,26.8,23.0,879.0,8,7.7,127.3,1.4
55210.0,1307.4,357.920,8.96,358.95,40.85740,-111.91184,26.9,23.0,879.2,5,8.6,117.8,0.9
55211.0,1307.3,357.420,9.12,359.01,40.85748,-111.91185,26.9,23.0,879.0,10,8.6,110.1,1.6
55212.0,1307.2,358.580,9.20,358.83,40.85757,-111.91185,26.9,23.0,879.1,11,8.8,106.4,1.8
55213.0,1307.2,358.590,9.38,358.62,40.85765,-111.91185,26.9,23.0,879.0,15,9.1,103.3,2.4
55214.0,1307.1,359.490,9.44,359.02,40.85774,-111.91185,26.9,23.0,878.9,15,8.8,111.3,2.5
55215.0,1307.1,0.320,9.50,0.11,40.85782,-111.91185,26.9,23.1,878.8,15,8.7,117.2,2.5
55216.0,1307.1,1.010,9.69,0.86,40.85791,-111.91185,26.9,23.2,878.9,8,8.7,132.2,1.6
55217.0,1307.1,0.200,9.41,0.97,40.85799,-111.91185,26.8,23.1,878.9,8,8.6,127.9,1.4
55218.0,1307.1,0.040,9.54,0.75,40.85808,-111.91185,26.9,23.1,878.8,14,8.1,131.4,2.6
55219.0,1307.0,0.130,9.68,0.46,40.85816,-111.91185,26.8,23.1,879.1,9,8.0,146.1,2.2
55220.0,1307.0,359.890,9.65,0.47,40.85825,-111.91185,26.8,23.1,878.8,4,8.0,160.5,1.8
55221.0,1307.0,0.430,9.47,0.72,40.85834,-111.91185,26.9,23.1,878.9,8,9.0,113.6,1.3
55222.0,1306.9,1.010,9.64,0.74,40.85843,-111.91185,27.0,23.1,879.1,12,9.2,109.8,2.1
55223.0,1306.9,0.560,9.47,0.61,40.85851,-111.91184,27.0,23.1,879.1,14,8.3,126.4,2.5
55224.0,1306.9,359.810,9.39,0.10,40.85860,-111.91185,27.0,23.1,879.1,3,8.4,158.7,1.1
55225.0,1306.8,0.260,9.50,359.86,40.85868,-111.91184,27.0,23.0,878.6,4,8.5,150.3,1.2
55226.0,1306.8,358.570,9.68,359.81,40.85877,-111.91185,27.0,22.8,878.7,358,9.2,214.7,0.6
55227.0,1306.8,359.750,9.60,0.07,40.85886,-111.91185,27.0,22.6,878.8,1,9.4,155.1,0.2
55228.0,1306.8,359.890,9.73,0.05,40.85894,-111.91185,26.9,22.5,878.8,1,8.8,172.6,1.0
55229.0,1306.6,0.070,9.47,0.01,40.85903,-111.91185,26.8,22.4,878.8,6,8.4,143.3,1.4
55230.0,1306.6,359.900,9.66,0.38,40.85912,-111.91185,26.9,22.3,878.9,0,8.5,177.7,1.1
55231.0,1306.5,0.200,9.44,0.74,40.85920,-111.91185,26.9,22.3,878.8,358,8.9,204.3,0.6
55232.0,1306.6,0.550,9.54,0.69,40.85929,-111.91185,27.0,22.3,878.8,360,8.8,181.8,0.7
55233.0,1306.5,1.010,9.49,0.34,40.85937,-111.91185,26.9,22.3,878.9,1,9.0,164.2,0.5
55234.0,1306.4,0.190,9.39,0.21,40.85946,-111.91185,26.8,22.3,878.8,358,9.3,250.7,0.3
55235.0,1306.4,0.460,9.46,0.29,40.85954,-111.91185,26.9,22.3,879.2,355,9.0,237.3,1.0
55236.0,1306.4,0.550,9.49,0.46,40.85963,-111.91185,26.8,22.3,878.9,354,8.7,227.8,1.3
55237.0,1306.4,359.530,9.35,0.47,40.85971,-111.91185,26.9,22.2,878.8,353,8.5,226.0,1.4
55238.0,1306.4,0.060,9.27,0.52,40.85980,-111.91184,26.9,22.1,878.9,354,8.5,229.9,1.3
55239.0,1306.4,0.170,9.44,0.53,40.85988,-111.91184,27.0,22.0,878.8,354,8.4,218.2,1.4
55240.0,1306.3,359.810,9.41,0.42,40.85997,-111.91184,26.9,22.0,878.7,357,8.4,203.0,1.1
55241.0,1306.3,0.470,9.32,359.93,40.86005,-111.91184,26.9,21.9,878.9,357,8.2,201.7,1.3
55242.0,1306.3,0.690,9.45,359.66,40.86013,-111.91184,26.9,21.9,878.9,356,8.2,203.0,1.4
55243.0,1306.3,359.940,9.35,359.62,40.86022,-111.91184,27.0,21.9,879.0,357,9.1,241.8,0.6
55244.0,1306.4,359.670,9.45,359.61,40.86030,-111.91184,26.9,21.9,878.8,357,8.8,211.7,0.8
55245.0,1306.4,359.790,9.21,359.73,40.86039,-111.91184,26.8,21.9,878.9,356,8.5,219.3,1.0
55246.0,1306.4,359.750,9.21,359.95,40.86047,-111.91184,26.8,21.9,879.1,354,8.2,216.3,1.4
55247.0,1306.4,359.710,9.27,359.87,40.86056,-111.91184,26.8,21.8,879.0,355,8.4,217.4,1.2
55248.0,1306.3,0.490,9.16,359.61,40.86064,-111.91184,26.8,21.8,878.8,1,8.0,173.2,1.2
55249.0,1306.3,0.190,8.74,359.40,40.86072,-111.91184,26.8,21.9,878.7,357,7.6,196.9,1.2
55250.0,1306.3,359.590,8.48,359.42,40.86080,-111.91185,26.9,22.0,878.8,355,7.1,205.2,1.5
55251.0,1306.3,359.410,8.25,359.61,40.86087,-111.91185,26.9,22.1,878.8,354,6.9,206.0,1.5
55252.0,1306.3,0.150,7.85,359.79,40.86094,-111.91185,26.8,22.1,878.9,359,6.8,186.5,1.1
55253.0,1306.3,0.230,7.26,359.91,40.86101,-111.91185,26.8,22.1,879.1,356,6.2,203.0,1.2
55254.0,1306.2,359.450,6.92,359.97,40.86108,-111.91185,26.9,22.1,878.8,358,5.4,188.3,1.5
55255.0,1306.2,1.910,6.54,0.10,40.86114,-111.91185,27.0,22.0,878.6,358,4.9,188.4,1.7
55256.0,1306.1,359.580,6.12,0.05,40.86119,-111.91185,27.1,22.0,878.8,357,4.6,187.6,1.6
55257.0,1306.1,359.800,5.56,0.12,40.86125,-111.91185,27.1,22.0,878.7,0,3.9,178.8,1.6
55258.0,1306.1,1.800,4.73,0.22,40.86129,-111.91185,27.1,21.9,878.8,8,2.9,170.4,1.9
55259.0,1306.1,358.430,3.88,0.23,40.86133,-111.91185,27.0,21.9,878.9,4,2.2,173.9,1.7
55260.0,1306.0,358.450,2.82,0.30,40.86136,-111.91185,27.0,21.8,878.6,7,1.2,172.9,1.6
55261.0,1306.0,357.420,2.16,0.33,40.86138,-111.91185,27.1,21.8,878.7,15,0.6,172.2,1.6
55262.0,1306.0,358.530,1.53,0.37,40.86140,-111.91185,27.2,21.8,878.9,69,0.4,165.2,1.4
55263.0,1306.0,359.500,1.14,0.37,40.86141,-111.91185,27.3,21.8,879.1,155,1.4,165.3,2.5
55264.0,1305.9,1.390,0.69,0.37,40.86142,-111.91185,27.4,21.8,879.2,166,1.8,171.4,2.5
55265.0,1305.9,0.230,0.15,0.23,40.86142,-111.91185,27.4,21.8,878.8,173,2.8,173.7,3.0
55266.0,1305.9,0.370,0.04,0.37,40.86142,-111.91185,27.4,21.8,878.7,177,2.5,177.3,2.6
55267.0,1305.9,0.420,0.08,0.42,40.86142,-111.91184,27.4,21.8,878.7,176,2.3,176.7,2.4
55268.0,1305.9,0.440,0.07,0.44,40.86142,-111.91184,27.4,21.8,878.6,175,2.1,175.9,2.2
55269.0,1305.9,358.390,0.32,0.55,40.86142,-111.91184,27.4,21.8,878.4,157,1.8,158.8,2.1
55270.0,1305.9,353.000,0.74,0.42,40.86143,-111.91184,27.5,21.8,878.4,162,1.7,160.3,2.4
55271.0,1305.9,1.330,0.88,0.43,40.86143,-111.91184,27.4,21.8,878.6,149,1.4,161.8,2.2
55272.0,1305.8,358.210,0.66,0.37,40.86144,-111.91184,27.4,21.8,878.7,159,1.4,163.7,2.1
55273.0,1305.8,358.800,0.35,0.31,40.86145,-111.91184,27.4,21.8,878.7,173,2.2,173.0,2.5
55274.0,1305.8,0.320,0.11,0.32,40.86145,-111.91184,27.5,21.8,878.7,172,2.1,172.5,2.2
55275.0,1305.8,0.260,0.04,0.26,40.86145,-111.91184,27.5,21.8,878.7,170,2.0,170.5,2.1
55276.0,1305.8,0.280,0.07,0.28,40.86145,-111.91184,27.4,21.8,878.7,174,2.3,174.7,2.4
55277.0,1305.8,0.240,0.05,0.24,40.86145,-111.91184,27.5,21.8,878.7,184,2.2,184.4,2.2
55278.0,1305.8,0.250,0.10,0.25,40.86145,-111.91184,27.4,21.8,878.7,177,2.7,177.5,2.8
55279.0,1305.8,0.240,0.01,0.24,40.86145,-111.91184,27.6,21.8,878.7,162,2.5,162.1,2.5
55280.0,1305.8,0.150,0.03,0.15,40.86145,-111.91184,27.5,21.8,878.7,174,2.1,174.0,2.2
55281.0,1305.8,0.100,0.28,0.10,40.86145,-111.91184,27.4,21.8,878.8,177,1.9,177.8,2.2
55282.0,1305.8,359.080,0.86,359.99,40.86145,-111.91184,27.4,21.7,878.9,170,1.1,173.6,1.9
55283.0,1305.7,359.560,2.50,0.30,40.86147,-111.91184,27.4,21.7,879.2,28,0.6,172.1,2.0
55284.0,1305.7,359.160,3.99,0.44,40.86149,-111.91184,27.5,21.7,879.4,8,2.1,170.2,1.9
55285.0,1305.7,359.140,4.46,0.47,40.86153,-111.91184,27.5,21.7,879.2,13,2.7,160.5,1.9
55286.0,1305.8,0.430,5.40,0.68,40.86158,-111.91184,27.5,21.7,879.1,6,3.8,167.3,1.6
55287.0,1305.9,359.460,6.27,0.42,40.86163,-111.91184,27.5,21.7,879.0,1,4.1,176.8,2.1
55288.0,1305.8,0.200,6.55,359.58,40.86169,-111.91184,27.4,21.7,879.1,359,5.3,185.4,1.3
55289.0,1305.8,359.630,7.31,358.96,40.86175,-111.91184,27.4,21.7,878.9,3,5.7,170.5,1.7
55290.0,1305.9,357.950,7.84,358.51,40.86182,-111.91185,27.3,21.8,879.1,359,6.6,182.6,1.3
55291.0,1305.9,359.000,8.11,358.70,40.86189,-111.91185,27.3,21.8,878.9,2,6.5,168.8,1.6
55292.0,1305.9,358.530,8.68,359.34,40.86197,-111.91185,27.3,21.7,878.6,4,7.0,162.2,1.8
55293.0,1305.9,359.820,9.33,359.89,40.86205,-111.91185,27.3,21.8,878.5,360,8.5,181.8,0.9
55294.0,1305.9,1.590,9.94,0.26,40.86214,-111.91185,27.4,21.8,878.4,359,9.2,193.4,0.8
55295.0,1305.8,0.420,10.14,0.15,40.86223,-111.91185,27.3,21.8,878.4,358,9.6,206.9,0.6
55296.0,1305.8,0.730,10.48,359.91,40.86232,-111.91185,27.2,21.9,878.3,359,9.9,200.3,0.6
55297.0,1305.8,359.510,10.93,359.87,40.86242,-111.91185,27.2,22.0,878.3,1,9.8,172.7,1.1
55298.0,1305.7,359.810,11.26,0.10,40.86252,-111.91185,27.3,22.1,878.6,358,10.3,198.4,1.0
55299.0,1305.7,359.570,11.12,359.84,40.86262,-111.91185,27.1,22.1,878.5,355,10.1,219.3,1.3
55300.0,1305.7,359.550,11.51,359.64,40.86272,-111.91185,27.1,22.1,878.4,357,10.7,215.5,1.1
55301.0,1305.7,359.450,11.57,359.74,40.86283,-111.91185,27.0,22.1,878.6,356,11.0,230.3,1.0
55302.0,1305.7,359.740,11.72,359.81,40.86293,-111.91185,27.1,22.1,878.6,355,11.2,238.3,1.1
55303.0,1305.7,359.380,11.86,359.97,40.86304,-111.91185,27.1,22.1,878.7,356,11.3,233.4,1.0
55304.0,1305.8,359.860,11.88,359.76,40.86314,-111.91185,27.1,22.2,878.8,355,11.3,234.4,1.1
55305.0,1305.9,358.680,11.77,359.58,40.86325,-111.91185,27.2,22.2,878.9,357,10.7,205.1,1.3
55306.0,1305.9,359.810,11.41,359.94,40.86336,-111.91185,27.2,22.2,878.8,356,11.1,242.8,0.8
55307.0,1305.9,0.100,11.51,0.08,40.86346,-111.91185,27.1,22.3,878.5,357,11.4,255.0,0.6
55308.0,1305.9,0.040,11.57,0.07,40.86356,-111.91185,27.2,22.5,878.3,358,11.9,315.0,0.5
55309.0,1305.8,359.610,11.66,359.92,40.86367,-111.91185,27.1,22.6,878.5,2,11.5,117.6,0.4
55310.0,1305.7,0.170,11.64,359.86,40.86377,-111.91186,27.0,22.7,878.5,0,12.0,7.1,0.3
55311.0,1305.7,359.530,11.83,0.18,40.86388,-111.91186,27.0,22.7,878.3,358,12.3,313.5,0.7
55312.0,1305.7,0.240,11.89,0.42,40.86398,-111.91186,27.0,22.7,878.5,356,12.3,298.6,0.9
55313.0,1305.7,0.520,12.08,0.46,40.86409,-111.91186,26.9,22.6,878.5,356,12.5,300.5,0.9
55314.0,1305.6,0.360,12.25,0.34,40.86420,-111.91186,27.1,22.6,878.6,358,13.0,331.8,0.9
55315.0,1305.6,0.390,12.15,0.37,40.86431,-111.91185,27.1,22.6,878.5,1,12.3,51.3,0.3
55316.0,1305.6,0.540,12.26,0.26,40.86442,-111.91185,27.1,22.6,878.5,2,12.2,100.4,0.5
55317.0,1305.5,359.600,12.24,0.10,40.86453,-111.91185,27.1,22.6,878.6,0,12.2,86.7,0.0
55318.0,1305.5,359.980,11.84,0.26,40.86464,-111.91185,27.1,22.7,878.7,359,11.8,267.6,0.2
55319.0,1305.5,359.530,11.88,0.22,40.86475,-111.91185,27.2,22.8,878.7,0,11.2,176.1,0.7
55320.0,1305.5,359.440,11.63,0.33,40.86485,-111.91185,27.2,22.9,878.8,2,11.0,149.7,0.8
55321.0,1305.5,359.890,11.70,0.18,40.86496,-111.91186,27.2,22.9,878.6,1,10.9,161.2,0.8
55322.0,1305.5,359.080,11.67,0.30,40.86506,-111.91186,27.2,22.9,878.7,1,11.5,147.1,0.2
55323.0,1305.5,359.920,11.71,0.42,40.86517,-111.91186,27.1,22.9,878.8,2,10.9,154.4,0.9
55324.0,1305.5,359.950,11.70,0.38,40.86527,-111.91186,27.1,22.9,878.7,0,11.1,176.1,0.6
55325.0,1305.4,0.180,11.84,0.37,40.86538,-111.91186,27.0,22.8,878.5,0,11.4,177.4,0.4
55326.0,1305.4,0.310,11.82,0.18,40.86548,-111.91186,27.0,22.8,878.9,1,11.0,165.7,0.8
55327.0,1305.3,359.670,11.52,0.20,40.86559,-111.91186,27.1,22.8,879.0,6,10.0,147.8,1.8
55328.0,1305.4,359.540,11.43,0.35,40.86569,-111.91186,27.0,22.8,879.0,5,10.3,139.9,1.5
55329.0,1305.3,0.050,11.57,0.16,40.86580,-111.91186,27.0,22.9,878.7,6,10.7,130.8,1.4
55330.0,1305.3,0.180,11.66,359.92,40.86590,-111.91186,27.0,22.8,878.5,8,10.8,124.0,1.8
55331.0,1305.2,359.530,11.78,359.89,40.86601,-111.91186,27.1,22.8,878.4,12,11.3,106.3,2.4
55332.0,1305.1,359.280,11.89,359.92,40.86611,-111.91186,27.2,22.8,878.3,6,11.4,114.2,1.4
55333.0,1305.1,0.570,11.82,0.21,40.86622,-111.91186,27.2,22.9,878.3,359,11.2,201.7,0.7
55334.0,1305.1,0.450,11.98,0.53,40.86633,-111.91186,27.2,22.9,878.3,13,11.7,102.2,2.7
55335.0,1305.1,0.020,12.03,0.67,40.86643,-111.91186,27.2,22.8,878.3,10,12.0,96.3,2.1
55336.0,1305.1,0.510,12.17,0.63,40.86654,-111.91186,27.2,22.7,878.4,11,11.8,104.4,2.3
55337.0,1305.1,359.500,12.14,0.30,40.86665,-111.91186,27.0,22.6,878.4,12,12.3,92.4,2.6
