src/spatiotemporal_analysis/USOS_MetNav_MobileLab_20240803.ict
46, 1001
Carrie Womack, Nate Howard, Mike Zucker
NOAA Chemical Sciences Laboratory
Mobile Lab MetNav Station
USOS
1, 1
2024, 08, 03, 2024, 08, 03
1
Time_Start, seconds_past_midnight, Seconds from midnight UTC
13
1, 1, 1, 1, 1, 1, 1, 1, 1, 1, 1, 1, 1
-9999, -9999, -9999, -9999, -9999, -9999, -9999, -9999, -9999, -9999, -9999, -9999, -9999
GPS_Alt_m, meters, Altitude from Differential GPS
GPS_Course_m_s, m/s, Course from Differential GPS
GPS_GndSpd_m_s, m/s, Ground Speed from Differential GPS
GPS_Heading_deg, degrees, Heading from Differential GPS
GPS_Lat_deg, degrees, Latitude from Differential GPS
GPS_Lon_deg, degrees, Longitude from Differential GPS
AirTemp_C, Celsius, Air Temperature from Airmar
RelHumidity_pct, percent, Relative Humidity from Airmar
Pressure_mb, millibars, Pressure from Honeywell
Airmar_WindDir_deg, degrees, Wind Direction from Airmar
Airmar_WindSpd_m_s, m/s, Wind Speed from Airmar
WindDir_calc_deg, degrees, Wind Direction corrected for van movement
WindSpd_calc_m_s, m/s, Wind Speed corrected for van movement
1
SPECIAL COMMENTS:
18
PI_CONTACT_INFO: Address: 325 Broadway R/CSL7, Boulder, CO, 80305
PLATFORM: CSL Mobile Lab
LOCATION: Salt Lake City, UT
ASSOCIATED_DATA: N/A
INSTRUMENT_INFO: N/A
DATA_INFO: Units:
UNCERTAINTY: N/A
ULOD_FLAG: -7777
ULOD_VALUE: N/A
LLOD_FLAG: -8888
LLOD_VALUE: N/A
DM_CONTACT_INFO: Data Manager: Nate Howard
PROJECT_INFO: 
STIPULATIONS_ON_USE: Use of these data require prior ok from PI.
OTHER_COMMENTS: File created by Emily Lill
REVISION: RA
RA: Preliminary Data.  For in-field use only.
Time_Start, GPS_Alt_m, GPS_Course_m_s, GPS_GndSpd_m_s, GPS_Heading_deg, GPS_Lat_deg, GPS_Lon_deg, AirTemp_C, RelHumidity_pct, Pressure_mb, Airmar_WindDir_deg, Airmar_WindSpd_m_s, WindDir_calc_deg, WindSpd_calc_m_s
[from data line 10581]
61701.0,1287.3,168.670,0.04,168.67,40.77694,-111.94618,32.1,20.7,880.3,35,3.0,204.3,3.0
61702.0,1287.3,168.670,0.04,168.67,40.77694,-111.94618,32.0,20.7,880.3,36,3.3,204.9,3.2
61703.0,1287.3,168.710,0.06,168.71,40.77694,-111.94618,32.0,20.7,880.3,41,2.7,210.7,2.7
61704.0,1287.3,168.690,0.04,168.69,40.77694,-111.94618,32.0,20.7,880.3,40,3.0,208.7,3.0
61705.0,1287.3,168.670,0.08,168.67,40.77694,-111.94618,32.0,20.7,880.3,30,3.0,199.9,2.9
61706.0,1287.3,168.650,0.10,168.65,40.77694,-111.94618,32.0,20.7,880.3,31,3.0,200.8,2.9
61707.0,1287.3,168.670,0.04,168.67,40.77694,-111.94618,31.9,20.7,880.3,32,3.1,201.2,3.0
61708.0,1287.3,168.610,0.04,168.61,40.77694,-111.94618,31.9,20.7,880.3,29,2.9,198.0,2.9
61709.0,1287.3,168.590,0.08,168.59,40.77694,-111.94618,32.0,20.7,880.3,32,3.1,201.7,3.0
61710.0,1287.3,168.600,0.01,168.60,40.77694,-111.94618,31.9,20.7,880.3,32,3.2,201.0,3.2
61711.0,1287.3,168.560,0.04,168.56,40.77694,-111.94618,31.8,20.7,880.3,21,2.3,189.9,2.3
61712.0,1287.3,168.530,0.05,168.53,40.77694,-111.94618,31.8,20.7,880.3,43,2.4,212.0,2.4
61713.0,1287.3,168.510,0.04,168.51,40.77694,-111.94618,31.9,20.7,880.3,47,2.4,216.1,2.4
61714.0,1287.3,168.440,0.03,168.44,40.77694,-111.94618,31.9,20.7,880.3,43,2.9,212.2,2.8
61715.0,1287.3,168.420,0.09,168.42,40.77694,-111.94618,31.9,20.7,880.4,40,3.5,209.3,3.5
61716.0,1287.3,168.470,0.06,168.47,40.77694,-111.94618,32.0,20.7,880.4,38,3.1,207.3,3.0
61717.0,1287.3,168.470,0.04,168.47,40.77694,-111.94618,32.0,20.7,880.4,26,2.7,195.1,2.6
61718.0,1287.3,168.480,0.05,168.48,40.77694,-111.94618,31.9,20.7,880.4,28,2.5,196.6,2.5
61719.0,1287.3,168.510,0.11,168.51,40.77694,-111.94618,31.9,20.7,880.4,34,3.1,203.7,3.0
61720.0,1287.3,168.520,0.01,168.52,40.77694,-111.94618,31.9,20.7,880.4,42,2.7,210.2,2.7
61721.0,1287.3,168.520,0.04,168.52,40.77694,-111.94618,31.9,20.7,880.4,48,2.7,217.0,2.6
61722.0,1287.3,168.540,0.06,168.54,40.77694,-111.94618,31.8,20.7,880.4,46,3.2,215.0,3.2
61723.0,1287.3,168.590,0.07,168.59,40.77694,-111.94618,31.9,20.7,880.4,54,3.7,223.2,3.6
61724.0,1287.3,168.590,0.06,168.59,40.77694,-111.94618,31.8,20.7,880.3,52,3.6,221.6,3.5
61725.0,1287.3,168.590,0.05,168.59,40.77694,-111.94618,31.9,20.7,880.3,56,3.5,225.4,3.5
61726.0,1287.3,168.640,0.02,168.64,40.77694,-111.94618,32.0,20.7,880.3,37,3.7,205.8,3.7
61727.0,1287.3,168.620,0.08,168.62,40.77694,-111.94618,31.9,20.7,880.3,20,2.7,189.2,2.6
61728.0,1287.3,168.660,0.01,168.66,40.77694,-111.94618,32.0,20.7,880.3,38,3.1,206.7,3.1
61729.0,1287.3,168.630,0.03,168.63,40.77694,-111.94618,31.9,20.7,880.3,36,3.7,204.9,3.6
61730.0,1287.3,168.700,0.05,168.70,40.77694,-111.94618,32.0,20.7,880.4,30,3.5,199.0,3.5
61731.0,1287.3,168.650,0.03,168.65,40.77694,-111.94618,32.0,20.8,880.4,23,3.4,191.8,3.4
61732.0,1287.3,168.650,0.06,168.65,40.77694,-111.94618,32.0,20.8,880.4,29,3.4,198.1,3.4
61733.0,1287.3,168.670,0.04,168.67,40.77694,-111.94618,31.9,20.8,880.4,41,3.0,210.1,2.9
61734.0,1287.3,168.690,0.05,168.69,40.77694,-111.94618,32.0,20.8,880.4,60,2.9,229.2,2.8
61735.0,1287.3,168.710,0.06,168.71,40.77694,-111.94618,32.0,20.8,880.4,50,2.5,220.1,2.5
61736.0,1287.3,168.760,0.02,168.76,40.77694,-111.94618,32.1,20.9,880.4,34,3.1,203.1,3.1
61737.0,1287.3,168.750,0.11,168.75,40.77694,-111.94618,32.1,20.9,880.4,40,2.5,210.4,2.4
61738.0,1287.3,168.670,0.09,168.67,40.77694,-111.94618,32.1,20.9,880.4,42,1.7,213.0,1.7
61739.0,1287.3,168.680,0.04,168.68,40.77694,-111.94618,32.0,20.9,880.4,37,2.4,205.9,2.4
61740.0,1287.3,168.700,0.05,168.70,40.77694,-111.94618,32.0,20.9,880.4,32,3.0,201.3,2.9
61741.0,1287.3,168.700,0.03,168.70,40.77694,-111.94618,32.0,21.0,880.4,34,3.6,202.6,3.6
61742.0,1287.3,168.770,0.03,168.77,40.77694,-111.94618,31.9,21.0,880.4,37,3.9,206.1,3.9
61743.0,1287.3,168.690,0.08,168.69,40.77694,-111.94618,31.9,21.0,880.4,36,4.0,205.2,4.0
61744.0,1287.3,168.710,0.04,168.71,40.77694,-111.94618,31.9,20.9,880.3,38,3.7,207.3,3.6
61745.0,1287.3,168.650,0.05,168.65,40.77694,-111.94618,31.9,20.9,880.3,25,3.3,193.7,3.2
61746.0,1287.3,168.670,0.07,168.67,40.77694,-111.94618,31.8,20.8,880.3,30,3.2,199.6,3.2
61747.0,1287.3,168.700,0.02,168.70,40.77694,-111.94618,31.9,20.8,880.3,31,3.8,199.9,3.8
61748.0,1287.3,168.610,0.09,168.61,40.77694,-111.94618,31.8,20.8,880.3,33,4.0,201.9,3.9
61749.0,1287.3,168.550,0.03,168.55,40.77694,-111.94618,31.9,20.8,880.4,40,2.5,209.3,2.5
61750.0,1287.3,168.500,0.02,168.50,40.77694,-111.94618,32.0,20.8,880.4,43,2.9,212.0,2.9
61751.0,1287.3,168.470,0.13,168.47,40.77694,-111.94618,31.9,20.8,880.4,46,2.9,215.9,2.8
61752.0,1287.3,168.410,0.04,168.41,40.77694,-111.94618,31.9,20.8,880.4,34,4.1,202.3,4.1
61753.0,1287.3,168.410,0.04,168.41,40.77694,-111.94618,31.9,20.8,880.4,24,3.2,192.6,3.2
61754.0,1287.2,168.380,0.06,168.38,40.77694,-111.94618,31.9,20.8,880.4,22,2.5,190.4,2.4
61755.0,1287.2,168.350,0.10,168.35,40.77694,-111.94618,31.9,20.8,880.4,26,3.2,195.6,3.1
61756.0,1287.2,168.320,0.05,168.32,40.77694,-111.94618,31.9,20.8,880.4,38,3.6,206.9,3.5
61757.0,1287.2,168.350,0.02,168.35,40.77694,-111.94618,31.9,20.8,880.4,47,3.3,216.0,3.3
61758.0,1287.2,168.370,0.06,168.37,40.77694,-111.94618,31.9,20.8,880.3,53,4.0,222.0,3.9
61759.0,1287.2,168.380,0.06,168.38,40.77694,-111.94618,31.9,20.8,880.3,54,4.7,223.4,4.7
61760.0,1287.2,168.390,0.01,168.39,40.77694,-111.94618,31.9,20.8,880.3,47,4.3,215.3,4.3
61761.0,1287.2,168.380,0.05,168.38,40.77694,-111.94618,32.0,20.8,880.3,36,4.7,204.4,4.6
61762.0,1287.2,168.340,0.06,168.34,40.77694,-111.94618,32.0,20.8,880.3,40,4.1,208.9,4.0
61763.0,1287.2,168.340,0.04,168.34,40.77694,-111.94618,31.9,20.8,880.3,36,4.4,205.1,4.4
61764.0,1287.2,168.320,0.02,168.32,40.77694,-111.94618,31.9,20.8,880.3,36,4.2,204.3,4.2
61765.0,1287.2,168.300,0.04,168.30,40.77694,-111.94618,31.9,20.8,880.3,41,3.6,209.4,3.6
61766.0,1287.2,168.310,0.08,168.31,40.77694,-111.94618,31.9,20.8,880.3,51,3.1,220.5,3.1
61767.0,1287.2,168.300,0.07,168.30,40.77694,-111.94618,31.8,20.8,880.3,50,3.4,219.4,3.4
61768.0,1287.2,168.330,0.04,168.33,40.77694,-111.94618,31.9,20.8,880.3,46,3.0,215.3,2.9
61769.0,1287.2,168.280,0.07,168.28,40.77694,-111.94618,32.0,20.8,880.3,34,3.4,203.2,3.3
61770.0,1287.2,168.220,0.04,168.22,40.77694,-111.94618,32.0,20.8,880.3,46,2.9,214.4,2.9
61771.0,1287.2,168.210,0.09,168.21,40.77694,-111.94618,32.0,20.8,880.3,32,3.3,200.8,3.2
61772.0,1287.2,168.190,0.07,168.19,40.77694,-111.94618,32.0,20.8,880.4,51,3.6,219.7,3.5
61773.0,1287.2,168.190,0.05,168.19,40.77694,-111.94618,32.1,20.8,880.3,44,3.1,213.0,3.1
61774.0,1287.2,168.220,0.12,168.22,40.77694,-111.94618,32.0,20.8,880.3,28,3.2,197.6,3.1
61775.0,1287.2,168.190,0.03,168.19,40.77694,-111.94618,32.0,20.8,880.3,35,3.4,203.6,3.4
61776.0,1287.2,168.150,0.06,168.15,40.77694,-111.94618,32.0,20.8,880.3,43,3.2,212.2,3.2
61777.0,1287.2,168.170,0.01,168.17,40.77694,-111.94618,32.1,20.8,880.3,42,3.2,210.6,3.2
61778.0,1287.2,168.170,0.05,168.17,40.77694,-111.94618,32.0,20.8,880.3,43,3.1,211.6,3.1
61779.0,1287.2,168.170,0.03,168.17,40.77694,-111.94618,32.0,20.7,880.3,37,3.5,205.5,3.4
61780.0,1287.2,168.150,0.03,168.15,40.77694,-111.94618,32.0,20.7,880.3,34,3.8,202.4,3.8
61781.0,1287.2,168.160,0.03,168.16,40.77694,-111.94618,31.9,20.8,880.3,59,4.5,227.8,4.5
61782.0,1287.2,168.170,0.07,168.17,40.77694,-111.94618,32.0,20.8,880.3,63,4.4,231.6,4.4
61783.0,1287.2,168.180,0.05,168.18,40.77694,-111.94618,32.1,20.9,880.3,69,4.2,237.8,4.2
61784.0,1287.2,168.140,0.12,168.14,40.77694,-111.94618,32.0,20.9,880.3,67,4.5,236.4,4.4
61785.0,1287.2,168.120,0.08,168.12,40.77694,-111.94618,31.9,21.0,880.3,64,4.3,233.3,4.3
61786.0,1287.2,168.130,0.02,168.13,40.77694,-111.94618,32.0,21.0,880.3,62,4.0,230.2,4.0
61787.0,1287.2,168.100,0.06,168.10,40.77694,-111.94618,32.0,21.1,880.3,53,4.2,221.9,4.2
61788.0,1287.2,168.100,0.07,168.10,40.77694,-111.94618,32.0,21.1,880.3,57,3.7,226.3,3.6
61789.0,1287.2,168.180,0.01,168.18,40.77694,-111.94618,32.0,21.0,880.3,40,3.1,208.0,3.1
61790.0,1287.2,168.190,0.04,168.19,40.77694,-111.94618,32.1,21.0,880.3,36,2.9,204.9,2.9
61791.0,1287.2,168.220,0.03,168.22,40.77694,-111.94618,32.1,21.0,880.3,27,2.5,195.6,2.5
61792.0,1287.2,168.220,0.05,168.22,40.77694,-111.94618,32.0,20.9,880.3,25,2.3,193.3,2.3
61793.0,1287.2,168.140,0.05,168.14,40.77694,-111.94618,32.0,20.9,880.3,40,3.2,208.9,3.2
61794.0,1287.2,168.110,0.02,168.11,40.77694,-111.94618,32.1,20.9,880.3,42,3.1,210.5,3.1
61795.0,1287.2,168.090,0.06,168.09,40.77694,-111.94618,32.0,20.9,880.3,36,3.2,204.7,3.1
61796.0,1287.2,168.120,0.03,168.12,40.77694,-111.94618,32.1,20.9,880.3,39,3.0,207.5,2.9
61797.0,1287.2,168.160,0.06,168.16,40.77693,-111.94618,32.1,20.9,880.3,50,2.6,219.3,2.6
61798.0,1287.2,168.150,0.09,168.15,40.77693,-111.94618,32.1,20.9,880.3,61,2.7,230.6,2.6
61799.0,1287.2,168.160,0.01,168.16,40.77693,-111.94618,32.1,20.8,880.3,58,2.5,226.7,2.5
61800.0,1287.2,168.150,0.02,168.15,40.77693,-111.94618,32.1,20.8,880.3,49,2.0,217.2,2.0
61801.0,1287.2,168.210,0.05,168.21,40.77693,-111.94618,32.1,20.8,880.3,30,2.3,198.9,2.3
61802.0,1287.2,168.280,0.04,168.28,40.77693,-111.94618,32.2,20.8,880.3,33,2.5,201.7,2.5
61803.0,1287.2,168.350,0.08,168.35,40.77693,-111.94618,32.2,20.8,880.3,34,2.0,204.2,2.0
61804.0,1287.2,168.300,0.04,168.30,40.77693,-111.94618,32.2,20.8,880.3,45,2.0,214.1,2.0
61805.0,1287.2,168.300,0.03,168.30,40.77693,-111.94618,32.1,20.9,880.3,56,2.5,225.1,2.5
61806.0,1287.2,168.310,0.08,168.31,40.77693,-111.94618,32.0,20.8,880.3,54,2.9,224.1,2.8
61807.0,1287.2,168.290,0.04,168.29,40.77693,-111.94618,32.0,20.9,880.3,59,3.4,228.2,3.4
61808.0,1287.2,168.280,0.03,168.28,40.77693,-111.94618,32.1,20.9,880.3,53,2.1,221.6,2.1
61809.0,1287.2,168.340,0.01,168.34,40.77693,-111.94618,32.2,20.9,880.3,69,2.0,237.7,2.0
61810.0,1287.2,168.340,0.01,168.34,40.77694,-111.94618,32.2,20.9,880.3,62,3.1,230.1,3.1
61811.0,1287.2,168.390,0.06,168.39,40.77693,-111.94618,32.1,21.0,880.3,65,3.3,234.8,3.2
61812.0,1287.2,168.370,0.02,168.37,40.77694,-111.94618,32.2,21.0,880.3,40,3.6,208.8,3.6
61813.0,1287.2,168.360,0.04,168.36,40.77694,-111.94618,32.1,21.0,880.3,45,3.4,213.9,3.3
61814.0,1287.2,168.350,0.03,168.35,40.77693,-111.94618,31.9,20.9,880.3,48,2.8,216.4,2.7
61815.0,1287.2,168.430,0.08,168.43,40.77693,-111.94618,32.0,20.9,880.3,55,3.6,224.1,3.6
61816.0,1287.2,168.450,0.03,168.45,40.77693,-111.94618,32.0,20.8,880.3,36,3.0,204.4,2.9
61817.0,1287.2,168.440,0.06,168.44,40.77693,-111.94618,32.0,20.9,880.3,48,2.8,217.0,2.7
61818.0,1287.2,168.400,0.03,168.40,40.77693,-111.94618,32.0,20.9,880.3,54,3.3,222.2,3.3
61819.0,1287.2,168.370,0.03,168.37,40.77693,-111.94618,32.0,20.9,880.3,61,3.6,230.2,3.6
61820.0,1287.2,168.410,0.07,168.41,40.77693,-111.94618,31.9,20.9,880.3,56,4.3,224.7,4.2
61821.0,1287.2,168.390,0.04,168.39,40.77693,-111.94618,31.9,20.9,880.3,52,3.4,220.6,3.3
61822.0,1287.2,168.430,0.03,168.43,40.77693,-111.94618,31.9,20.9,880.3,57,4.1,225.7,4.1
61823.0,1287.3,168.440,0.01,168.44,40.77693,-111.94618,31.9,20.9,880.3,46,3.6,214.7,3.6
61824.0,1287.2,168.470,0.04,168.47,40.77693,-111.94618,32.0,20.8,880.2,64,3.7,233.2,3.7
61825.0,1287.2,168.480,0.03,168.48,40.77693,-111.94618,31.9,20.9,880.2,61,3.6,229.5,3.6
61826.0,1287.3,168.490,0.06,168.49,40.77693,-111.94618,31.9,20.9,880.2,62,2.7,232.0,2.7
61827.0,1287.2,168.510,0.04,168.51,40.77693,-111.94618,32.0,20.9,880.2,51,3.3,220.3,3.3
61828.0,1287.2,168.500,0.05,168.50,40.77693,-111.94618,32.1,20.9,880.2,30,2.1,199.7,2.1
61829.0,1287.2,168.500,0.06,168.50,40.77693,-111.94618,32.0,20.9,880.2,18,1.8,187.3,1.8
61830.0,1287.2,168.550,0.04,168.55,40.77693,-111.94618,31.9,20.9,880.2,21,2.5,189.9,2.5
61831.0,1287.2,168.530,0.01,168.53,40.77693,-111.94618,32.0,20.8,880.1,20,2.5,188.1,2.5
61832.0,1287.2,168.500,0.01,168.50,40.77693,-111.94618,31.9,20.8,880.2,36,3.7,204.5,3.7
61833.0,1287.2,168.490,0.06,168.49,40.77693,-111.94618,31.9,20.7,880.2,27,3.0,196.0,2.9
61834.0,1287.2,168.480,0.03,168.48,40.77693,-111.94618,31.9,20.8,880.2,36,2.8,204.9,2.7
61835.0,1287.2,168.410,0.09,168.41,40.77693,-111.94618,32.0,20.7,880.2,49,1.5,219.7,1.5
61836.0,1287.2,168.400,0.16,168.40,40.77693,-111.94618,32.0,20.7,880.2,47,2.5,218.0,2.4
61837.0,1287.2,168.320,0.11,168.32,40.77693,-111.94618,32.0,20.7,880.2,30,3.3,199.1,3.2
61838.0,1287.2,168.340,0.05,168.34,40.77693,-111.94618,31.9,20.8,880.2,22,2.4,190.9,2.4
61839.0,1287.2,168.320,0.06,168.32,40.77693,-111.94618,31.9,20.7,880.2,22,2.7,190.7,2.6
61840.0,1287.2,168.380,0.03,168.38,40.77693,-111.94618,31.9,20.8,880.2,33,3.1,202.0,3.0
61841.0,1287.2,168.480,0.09,168.48,40.77693,-111.94618,31.9,20.8,880.2,47,2.6,216.9,2.5
61842.0,1287.2,168.570,0.07,168.57,40.77693,-111.94618,31.9,20.8,880.2,57,3.1,226.4,3.0
61843.0,1287.2,168.610,0.01,168.61,40.77693,-111.94618,31.9,20.8,880.1,47,3.0,215.4,3.0
61844.0,1287.2,168.640,0.04,168.64,40.77693,-111.94618,31.9,20.8,880.1,46,3.7,215.5,3.6
61845.0,1287.2,168.660,0.06,168.66,40.77693,-111.94618,31.9,20.8,880.0,47,3.0,216.2,3.0
61846.0,1287.3,168.590,0.02,168.59,40.77693,-111.94618,31.9,20.8,880.0,53,2.9,222.3,2.8
61847.0,1287.2,168.530,0.02,168.53,40.77693,-111.94618,32.1,20.8,880.0,52,2.5,220.9,2.5
61848.0,1287.2,168.520,0.07,168.52,40.77693,-111.94618,32.0,20.8,880.0,21,2.7,190.5,2.6
61849.0,1287.2,168.640,0.03,168.64,40.77693,-111.94618,32.0,20.8,880.0,354,1.8,163.0,1.8
61850.0,1287.2,168.590,0.04,168.59,40.77693,-111.94618,32.1,20.8,880.0,22,1.2,190.7,1.2
61851.0,1287.2,168.530,0.02,168.53,40.77693,-111.94618,32.0,20.7,880.1,46,1.7,214.6,1.7
61852.0,1287.2,168.450,0.09,168.45,40.77693,-111.94618,31.9,20.7,880.1,28,2.8,197.4,2.7
61853.0,1287.2,168.420,0.04,168.42,40.77693,-111.94618,32.0,20.7,880.1,31,2.9,199.6,2.8
61854.0,1287.2,168.390,0.04,168.39,40.77693,-111.94618,32.1,20.7,880.1,39,3.2,207.9,3.1
61855.0,1287.2,168.290,0.04,168.29,40.77693,-111.94618,32.1,20.7,880.1,42,3.0,211.1,2.9
61856.0,1287.2,168.250,0.11,168.25,40.77693,-111.94618,32.1,20.7,880.1,43,2.9,213.1,2.8
61857.0,1287.2,168.220,0.03,168.22,40.77693,-111.94618,32.1,20.8,880.1,51,2.7,220.2,2.6
61858.0,1287.2,168.270,0.02,168.27,40.77693,-111.94618,32.1,20.9,880.1,41,3.4,209.6,3.4
61859.0,1287.3,168.300,0.05,168.30,40.77693,-111.94618,32.1,20.9,880.1,28,2.8,197.0,2.7
61860.0,1287.2,168.310,0.08,168.31,40.77693,-111.94618,32.1,20.9,880.1,49,3.0,218.6,2.9
61861.0,1287.2,168.290,0.04,168.29,40.77693,-111.94618,32.0,20.9,880.1,51,2.7,219.6,2.6
61862.0,1287.2,168.330,0.04,168.33,40.77693,-111.94618,32.0,20.9,880.1,38,2.7,206.8,2.6
61863.0,1287.2,168.360,0.09,168.36,40.77693,-111.94618,32.1,20.8,880.1,55,2.3,225.3,2.3
61864.0,1287.2,168.370,0.05,168.37,40.77693,-111.94618,32.1,20.8,880.1,49,2.4,218.7,2.4
61865.0,1287.2,168.360,0.02,168.36,40.77693,-111.94618,32.1,20.7,880.1,53,3.4,221.5,3.4
61866.0,1287.2,168.370,0.06,168.37,40.77693,-111.94618,32.0,20.7,880.1,50,3.0,219.2,3.0
61867.0,1287.2,168.410,0.08,168.41,40.77693,-111.94618,32.0,20.7,880.1,59,3.0,228.4,3.0
61868.0,1287.2,168.420,0.03,168.42,40.77693,-111.94618,32.1,20.7,880.2,63,3.1,232.1,3.0
61869.0,1287.2,168.420,0.03,168.42,40.77693,-111.94618,32.0,20.7,880.2,54,3.0,223.0,3.0
61870.0,1287.2,168.380,0.04,168.38,40.77693,-111.94618,31.9,20.6,880.2,22,2.3,191.0,2.3
61871.0,1287.2,168.380,0.04,168.38,40.77693,-111.94618,31.9,20.6,880.2,20,2.3,189.0,2.3
61872.0,1287.2,168.390,0.06,168.39,40.77693,-111.94618,31.9,20.6,880.2,33,2.9,201.7,2.9
61873.0,1287.2,168.460,0.04,168.46,40.77693,-111.94618,31.9,20.6,880.2,42,3.3,211.2,3.2
61874.0,1287.2,168.460,0.09,168.46,40.77693,-111.94618,32.1,20.6,880.2,36,3.5,205.8,3.4
61875.0,1287.2,168.450,0.06,168.45,40.77693,-111.94618,32.1,20.7,880.2,31,3.3,200.1,3.3
61876.0,1287.2,168.490,0.05,168.49,40.77693,-111.94618,32.1,20.7,880.2,32,3.0,200.8,3.0
61877.0,1287.2,168.500,0.03,168.50,40.77693,-111.94618,32.1,20.6,880.2,30,3.5,198.4,3.4
61878.0,1287.2,168.500,0.04,168.50,40.77693,-111.94618,32.1,20.7,880.2,24,3.3,192.7,3.2
61879.0,1287.2,168.570,0.03,168.57,40.77693,-111.94618,32.0,20.7,880.2,38,3.2,207.3,3.2
61880.0,1287.2,168.520,0.02,168.52,40.77693,-111.94618,32.0,20.7,880.2,49,2.5,218.0,2.5
