src/spatiotemporal_analysis/USOS_MetNav_MobileLab_20240803.ict
46, 1001
Carrie Womack, Nate Howard, Mike Zucker
NOAA Chemical Sciences Laboratory
Mobile Lab MetNav Station
USOS
1, 1
2024, 08, 03, 2024, 08, 03
1
Time_Start, seconds_past_midnight, Seconds from midnight UTC
13
1, 1, 1, 1, 1, 1, 1, 1, 1, 1, 1, 1, 1
-9999, -9999, -9999, -9999, -9999, -9999, -9999, -9999, -9999, -9999, -9999, -9999, -9999
GPS_Alt_m, meters, Altitude from Differential GPS
GPS_Course_m_s, m/s, Course from Differential GPS
GPS_GndSpd_m_s, m/s, Ground Speed from Differential GPS
GPS_Heading_deg, degrees, Heading from Differential GPS
GPS_Lat_deg, degrees, Latitude from Differential GPS
GPS_Lon_deg, degrees, Longitude from Differential GPS
AirTemp_C, Celsius, Air Temperature from Airmar
RelHumidity_pct, percent, Relative Humidity from Airmar
Pressure_mb, millibars, Pressure from Honeywell
Airmar_WindDir_deg, degrees, Wind Direction from Airmar
Airmar_WindSpd_m_s, m/s, Wind Speed from Airmar
WindDir_calc_deg, degrees, Wind Direction corrected for van movement
WindSpd_calc_m_s, m/s, Wind Speed corrected for van movement
1
SPECIAL COMMENTS:
18
PI_CONTACT_INFO: Address: 325 Broadway R/CSL7, Boulder, CO, 80305
PLATFORM: CSL Mobile Lab
LOCATION: Salt Lake City, UT
ASSOCIATED_DATA: N/A
INSTRUMENT_INFO: N/A
DATA_INFO: Units:
UNCERTAINTY: N/A
ULOD_FLAG: -7777
ULOD_VALUE: N/A
LLOD_FLAG: -8888
LLOD_VALUE: N/A
DM_CONTACT_INFO: Data Manager: Nate Howard
PROJECT_INFO: 
STIPULATIONS_ON_USE: Use of these data require prior ok from PI.
OTHER_COMMENTS: File created by Emily Lill
REVISION: RA
RA: Preliminary Data.  For in-field use only.
Time_Start, GPS_Alt_m, GPS_Course_m_s, GPS_GndSpd_m_s, GPS_Heading_deg, GPS_Lat_deg, GPS_Lon_deg, AirTemp_C, RelHumidity_pct, Pressure_mb, Airmar_WindDir_deg, Airmar_WindSpd_m_s, WindDir_calc_deg, WindSpd_calc_m_s
[from data line 2380]
53500.0,1400.7,270.300,3.02,269.02,40.75858,-111.85329,25.6,26.1,870.1,29,3.5,359.6,1.7
53501.0,1400.6,269.100,3.82,269.09,40.75858,-111.85333,25.5,26.1,870.2,23,4.0,4.7,1.5
53502.0,1400.4,269.300,4.89,269.27,40.75858,-111.85338,25.4,26.1,870.1,15,4.2,35.4,1.4
53503.0,1400.2,268.250,5.52,269.52,40.75858,-111.85345,25.4,26.1,870.0,11,5.0,28.2,1.1
53504.0,1400.0,269.910,6.12,270.03,40.75858,-111.85352,25.2,26.1,870.0,12,5.6,29.8,1.4
53505.0,1399.7,271.050,6.83,270.24,40.75858,-111.85359,25.0,26.1,870.2,8,6.1,41.6,1.2
53506.0,1399.5,270.180,7.34,270.22,40.75858,-111.85368,25.0,26.1,870.4,14,6.7,26.1,1.9
53507.0,1399.2,269.980,7.86,270.30,40.75858,-111.85377,25.1,26.1,870.7,8,7.1,39.8,1.2
53508.0,1399.0,270.610,8.30,270.46,40.75858,-111.85386,25.0,26.1,870.9,7,8.1,14.8,1.0
53509.0,1398.7,270.480,8.68,270.38,40.75858,-111.85396,25.1,26.2,870.7,8,8.5,12.6,1.1
53510.0,1398.4,270.060,8.94,270.15,40.75858,-111.85407,25.0,26.1,870.7,9,8.9,7.4,1.4
53511.0,1398.0,268.880,9.39,269.80,40.75858,-111.85418,25.0,26.1,870.7,11,8.9,20.4,1.9
53512.0,1397.6,269.480,9.66,269.83,40.75858,-111.85429,25.0,26.2,870.6,8,8.9,31.9,1.5
53513.0,1397.3,269.490,9.90,269.81,40.75858,-111.85441,24.9,26.3,870.8,6,9.2,38.1,1.2
53514.0,1397.0,269.290,10.20,269.88,40.75858,-111.85453,24.8,26.3,870.8,0,9.8,89.3,0.4
53515.0,1396.6,268.680,10.39,269.72,40.75858,-111.85465,24.9,26.4,870.6,1,9.9,75.0,0.5
53516.0,1396.1,270.000,10.67,269.60,40.75858,-111.85477,24.9,26.5,870.5,1,10.4,56.0,0.4
53517.0,1395.6,269.230,10.74,269.58,40.75858,-111.85490,24.9,26.5,870.6,2,10.0,65.3,0.8
53518.0,1395.3,269.120,11.08,269.54,40.75858,-111.85503,24.8,26.6,870.5,2,10.6,47.6,0.6
53519.0,1395.0,269.830,11.32,269.70,40.75857,-111.85516,24.7,26.7,870.4,3,11.1,19.5,0.6
53520.0,1394.7,270.330,11.66,269.83,40.75857,-111.85530,24.6,26.8,870.5,8,11.1,25.5,1.6
53521.0,1394.3,269.480,11.73,269.93,40.75857,-111.85544,24.6,27.0,870.6,6,10.9,36.1,1.5
53522.0,1394.0,270.850,11.66,270.07,40.75857,-111.85558,24.6,27.1,870.5,3,11.0,50.8,0.9
53523.0,1393.6,270.370,11.88,270.09,40.75857,-111.85572,24.6,27.2,870.5,2,11.1,67.2,0.9
53524.0,1393.2,270.300,11.72,270.02,40.75857,-111.85586,24.6,27.3,870.4,2,10.4,77.0,1.4
53525.0,1392.7,270.530,11.77,269.93,40.75857,-111.85600,24.6,27.4,870.3,2,10.5,76.7,1.3
53526.0,1392.2,268.880,11.71,269.07,40.75857,-111.85613,24.6,27.3,870.3,0,10.9,85.0,0.8
53527.0,1391.7,268.350,11.66,267.72,40.75857,-111.85627,24.7,27.3,870.6,3,10.8,52.7,1.1
53528.0,1391.3,265.810,11.65,266.14,40.75857,-111.85641,24.6,27.1,870.8,5,10.6,45.3,1.5
53529.0,1390.8,266.020,11.73,266.04,40.75856,-111.85655,24.7,27.0,870.9,2,11.0,57.6,0.9
53530.0,1390.4,266.850,11.84,267.14,40.75855,-111.85669,24.7,27.2,870.8,3,11.2,45.1,0.9
53531.0,1389.8,268.320,11.94,268.44,40.75855,-111.85683,24.6,27.3,870.9,4,11.8,11.6,0.8
53532.0,1389.3,269.290,12.16,269.14,40.75855,-111.85697,24.6,27.4,870.9,6,11.4,34.5,1.4
53533.0,1388.6,268.830,12.22,269.34,40.75854,-111.85712,24.6,27.4,870.9,3,12.1,6.7,0.7
53534.0,1387.8,269.580,12.49,269.52,40.75854,-111.85727,24.6,27.5,870.9,2,12.2,33.1,0.5
53535.0,1386.9,269.370,12.79,269.63,40.75854,-111.85741,24.6,27.4,871.0,1,12.6,31.4,0.4
53536.0,1386.0,269.140,12.63,269.86,40.75854,-111.85757,24.6,27.3,871.2,1,12.3,49.7,0.4
53537.0,1385.1,270.270,12.42,270.27,40.75854,-111.85771,24.6,27.2,871.3,5,12.2,12.8,1.0
53538.0,1384.2,270.160,12.18,270.34,40.75854,-111.85786,24.6,27.2,871.3,4,12.0,11.7,0.8
53539.0,1383.4,270.190,11.83,270.24,40.75854,-111.85800,24.6,27.2,871.4,2,11.8,8.8,0.4
53540.0,1382.6,269.300,11.42,270.16,40.75854,-111.85814,24.6,27.0,871.6,2,11.5,348.3,0.5
53541.0,1381.8,270.270,11.12,270.09,40.75854,-111.85827,24.6,26.8,871.7,2,10.7,42.2,0.6
53542.0,1381.0,269.570,10.48,269.96,40.75854,-111.85840,24.6,26.8,871.8,3,10.2,27.3,0.6
53543.0,1380.4,269.050,9.36,269.72,40.75854,-111.85852,24.6,26.6,871.7,2,8.6,63.3,0.8
53544.0,1379.9,269.240,8.43,269.80,40.75854,-111.85862,24.6,26.5,871.8,4,7.7,52.9,0.9
53545.0,1379.4,268.790,7.90,269.66,40.75854,-111.85872,24.6,26.4,872.0,2,7.2,63.5,0.7
53546.0,1379.0,271.100,8.04,269.61,40.75854,-111.85881,24.6,26.3,872.0,8,6.6,58.8,1.7
53547.0,1378.6,269.980,7.85,269.66,40.75854,-111.85891,24.6,26.3,872.0,10,6.9,39.9,1.6
53548.0,1378.2,269.990,7.94,269.94,40.75854,-111.85900,24.6,26.5,872.2,5,6.6,66.8,1.5
53549.0,1377.8,268.960,7.88,270.17,40.75854,-111.85909,24.6,26.8,872.2,10,7.2,30.4,1.4
53550.0,1377.4,270.060,7.99,270.55,40.75854,-111.85919,24.6,27.2,872.2,10,7.7,18.8,1.4
53551.0,1377.0,269.800,8.17,270.72,40.75854,-111.85928,24.6,27.5,872.1,7,8.1,9.6,1.0
53552.0,1376.6,269.830,8.48,270.89,40.75854,-111.85938,24.5,27.7,872.1,8,8.0,25.5,1.3
53553.0,1376.2,272.280,8.93,271.37,40.75854,-111.85949,24.6,27.7,872.1,9,8.3,32.0,1.4
53554.0,1375.8,271.650,9.26,271.50,40.75854,-111.85959,24.6,27.6,872.2,11,8.6,27.4,1.9
53555.0,1375.4,270.100,9.19,271.29,40.75854,-111.85970,24.6,27.6,872.2,9,8.5,32.0,1.6
53556.0,1374.9,271.920,9.20,271.04,40.75854,-111.85981,24.6,27.5,872.1,9,8.8,23.4,1.4
53557.0,1374.5,269.670,9.30,270.44,40.75854,-111.85992,24.6,27.4,872.2,10,8.5,31.2,1.8
53558.0,1374.0,270.470,9.47,270.59,40.75854,-111.86003,24.5,27.2,872.3,6,9.1,25.3,1.1
53559.0,1373.4,270.490,9.80,270.83,40.75854,-111.86015,24.4,27.3,872.3,6,8.6,53.8,1.6
53560.0,1372.8,270.530,9.79,270.55,40.75854,-111.86026,24.4,27.6,872.4,5,9.5,20.4,0.8
53561.0,1372.2,270.320,10.08,270.31,40.75854,-111.86038,24.5,27.7,872.5,6,9.6,30.1,1.1
53562.0,1371.5,270.200,10.27,270.00,40.75854,-111.86050,24.6,27.7,872.5,4,10.1,11.9,0.8
53563.0,1370.7,269.560,10.43,270.02,40.75854,-111.86062,24.6,27.6,872.6,4,9.1,62.3,1.6
53564.0,1370.0,270.020,10.45,270.33,40.75854,-111.86075,24.6,27.3,872.6,5,9.8,35.1,1.1
53565.0,1369.3,270.920,10.81,271.05,40.75855,-111.86087,24.6,27.2,872.7,6,9.9,43.4,1.4
53566.0,1368.6,272.820,10.88,273.12,40.75855,-111.86100,24.6,27.2,872.9,7,11.0,0.5,1.3
53567.0,1367.8,275.110,10.79,275.98,40.75855,-111.86113,24.4,27.2,873.1,7,10.9,2.7,1.3
53568.0,1366.9,279.440,10.74,280.26,40.75857,-111.86125,24.5,27.3,873.1,5,10.7,14.0,0.9
53569.0,1366.1,284.640,10.85,285.55,40.75859,-111.86138,24.4,27.5,873.2,4,11.1,359.5,0.9
53570.0,1365.1,290.240,10.89,291.40,40.75862,-111.86150,24.4,27.5,873.3,7,10.9,22.9,1.3
53571.0,1364.3,296.340,10.90,297.52,40.75866,-111.86162,24.3,27.5,873.4,9,10.8,33.9,1.8
53572.0,1363.3,302.680,11.14,303.46,40.75871,-111.86173,24.5,27.5,873.6,7,10.8,52.0,1.4
53573.0,1362.4,307.970,11.24,309.38,40.75876,-111.86184,24.5,27.2,873.6,5,10.8,65.6,1.1
53574.0,1361.4,314.240,11.54,315.08,40.75883,-111.86194,24.4,27.1,873.6,5,11.8,33.5,1.0
53575.0,1360.4,320.080,11.73,320.24,40.75891,-111.86204,24.4,27.2,873.7,1,12.0,4.6,0.4
53576.0,1359.4,324.290,11.78,324.98,40.75899,-111.86212,24.3,27.4,873.7,1,12.3,354.9,0.6
53577.0,1358.4,328.380,12.01,329.35,40.75908,-111.86220,24.4,27.4,873.8,1,12.7,341.0,0.7
53578.0,1357.5,332.690,12.00,333.45,40.75918,-111.86227,24.4,27.4,873.9,1,12.4,3.3,0.5
53579.0,1356.7,337.280,12.19,338.07,40.75928,-111.86233,24.3,27.5,873.9,1,12.9,356.5,0.8
53580.0,1355.9,342.560,12.11,343.80,40.75938,-111.86238,24.3,27.7,874.1,1,12.6,12.7,0.6
53581.0,1355.1,348.460,11.86,349.72,40.75948,-111.86241,24.3,27.9,874.1,2,12.4,20.9,0.7
53582.0,1354.4,353.710,11.98,354.61,40.75959,-111.86243,24.2,28.1,874.2,3,12.1,71.7,0.7
53583.0,1353.8,356.050,11.85,356.96,40.75969,-111.86245,24.1,28.4,874.4,3,12.1,61.3,0.7
53584.0,1353.2,357.230,11.63,357.68,40.75980,-111.86245,24.2,28.7,874.7,1,12.5,13.2,1.0
53585.0,1352.5,357.020,11.43,357.46,40.75990,-111.86246,24.1,29.0,874.7,1,12.2,14.2,0.8
53586.0,1351.8,355.260,11.41,356.01,40.76001,-111.86247,24.2,28.9,874.7,2,11.6,62.3,0.5
53587.0,1351.0,353.740,11.19,354.03,40.76011,-111.86248,24.1,29.0,874.8,2,10.3,152.1,1.0
53588.0,1350.3,349.820,11.12,349.11,40.76021,-111.86250,24.2,29.2,874.8,3,10.8,112.4,0.7
53589.0,1349.5,341.910,10.76,341.13,40.76030,-111.86253,24.1,29.5,874.7,1,10.4,130.0,0.5
53590.0,1348.8,332.090,10.86,332.27,40.76039,-111.86258,24.2,29.9,874.9,360,10.5,162.3,0.4
53591.0,1348.1,324.620,10.85,323.06,40.76048,-111.86265,24.2,30.0,875.0,359,10.5,175.1,0.4
53592.0,1347.3,315.680,10.89,313.70,40.76055,-111.86273,24.3,30.0,875.2,2,9.9,112.5,1.1
53593.0,1346.7,306.070,10.86,304.68,40.76061,-111.86283,24.3,30.0,875.3,4,10.4,70.9,0.9
53594.0,1346.0,296.840,10.73,295.98,40.76066,-111.86294,24.2,30.1,875.3,359,10.8,218.4,0.2
53595.0,1345.4,289.080,10.71,287.25,40.76070,-111.86306,24.3,30.2,875.4,1,10.5,76.5,0.3
53596.0,1344.8,280.020,10.79,278.71,40.76072,-111.86318,24.3,30.1,875.4,3,9.5,81.2,1.4
53597.0,1344.2,273.760,10.83,272.73,40.76073,-111.86331,24.3,30.1,875.2,360,10.3,95.7,0.5
53598.0,1343.7,270.660,10.68,270.81,40.76074,-111.86344,24.4,30.0,875.5,358,10.1,117.3,0.6
53599.0,1343.2,270.200,10.65,270.62,40.76074,-111.86356,24.4,29.8,875.7,358,10.4,146.6,0.5
53600.0,1342.7,270.060,10.65,270.66,40.76074,-111.86369,24.5,29.4,875.5,360,9.9,92.7,0.8
53601.0,1342.2,270.420,10.54,270.41,40.76074,-111.86381,24.4,29.1,875.6,5,9.5,54.3,1.3
53602.0,1341.7,270.590,10.36,270.37,40.76074,-111.86394,24.5,28.9,875.9,8,10.3,9.1,1.4
53603.0,1341.3,270.430,9.92,270.53,40.76074,-111.86406,24.4,29.0,875.8,8,9.8,7.6,1.4
53604.0,1340.9,270.620,9.59,271.08,40.76074,-111.86417,24.4,29.2,875.9,4,10.0,334.0,0.8
53605.0,1340.4,270.290,9.46,271.01,40.76074,-111.86429,24.4,29.2,875.9,7,9.6,356.7,1.1
53606.0,1340.0,271.520,9.49,270.82,40.76074,-111.86440,24.4,29.1,876.2,6,9.4,10.5,1.1
53607.0,1339.6,270.200,9.33,270.28,40.76074,-111.86451,24.5,28.8,876.0,8,9.1,13.3,1.3
53608.0,1339.2,270.250,8.69,270.21,40.76074,-111.86462,24.3,28.5,876.0,7,8.7,2.0,1.0
53609.0,1338.9,270.270,7.62,270.62,40.76074,-111.86471,24.4,28.4,875.9,6,7.8,354.5,0.8
53610.0,1338.6,271.190,6.47,271.10,40.76074,-111.86480,24.3,28.2,875.7,6,6.4,7.6,0.7
53611.0,1338.3,270.210,4.97,271.46,40.76074,-111.86487,24.4,27.9,875.7,10,4.7,19.9,0.9
53612.0,1338.2,271.650,3.96,271.42,40.76074,-111.86492,24.5,27.9,875.7,19,3.6,26.0,1.3
53613.0,1338.0,271.340,3.11,271.40,40.76074,-111.86496,24.6,28.0,875.8,26,3.2,9.8,1.4
53614.0,1337.9,274.580,2.06,271.29,40.76074,-111.86499,24.6,28.1,875.9,48,2.3,21.7,1.8
53615.0,1337.8,273.600,1.00,271.28,40.76074,-111.86500,24.6,28.1,876.1,76,1.6,24.5,1.7
53616.0,1337.8,271.270,0.20,271.27,40.76074,-111.86501,24.8,28.0,876.1,94,1.7,11.8,1.7
53617.0,1337.8,271.170,0.06,271.17,40.76074,-111.86501,24.8,27.9,876.3,97,1.8,10.1,1.8
53618.0,1337.8,271.220,0.07,271.22,40.76074,-111.86501,24.9,27.7,876.3,105,1.2,18.9,1.2
53619.0,1337.8,271.240,0.03,271.24,40.76074,-111.86501,24.9,27.6,876.2,127,1.8,39.0,1.9
53620.0,1337.8,271.260,0.13,271.26,40.76074,-111.86501,24.8,27.4,876.2,120,2.8,33.4,2.8
53621.0,1337.8,271.290,0.04,271.29,40.76074,-111.86501,24.9,27.3,876.2,117,2.7,29.3,2.7
53622.0,1337.8,271.350,0.05,271.35,40.76074,-111.86501,24.9,27.3,876.3,126,2.4,38.4,2.5
53623.0,1337.8,271.380,0.11,271.38,40.76074,-111.86501,25.0,27.4,876.3,157,3.0,68.8,3.1
53624.0,1337.8,271.390,0.06,271.39,40.76074,-111.86501,25.0,27.4,876.3,157,2.2,68.7,2.2
53625.0,1337.8,271.380,0.08,271.38,40.76074,-111.86501,25.1,27.4,876.3,155,2.2,67.0,2.3
53626.0,1337.8,271.370,0.01,271.37,40.76074,-111.86501,25.0,27.4,876.3,129,1.9,40.2,1.9
53627.0,1337.8,271.410,0.03,271.41,40.76074,-111.86501,25.0,27.4,876.3,118,2.1,30.4,2.2
53628.0,1337.7,271.380,0.03,271.38,40.76074,-111.86501,25.1,27.3,876.3,108,1.8,20.3,1.8
53629.0,1337.7,271.390,0.08,271.39,40.76074,-111.86501,25.1,27.3,876.4,112,1.7,25.3,1.8
53630.0,1337.7,271.360,0.06,271.36,40.76074,-111.86501,25.0,27.1,876.4,109,1.6,22.7,1.6
53631.0,1337.7,271.350,0.06,271.35,40.76074,-111.86501,24.9,26.9,876.4,111,1.5,24.6,1.6
53632.0,1337.7,271.350,0.03,271.35,40.76074,-111.86501,25.0,26.7,876.4,111,1.4,23.6,1.4
53633.0,1337.7,271.350,0.09,271.35,40.76074,-111.86501,25.1,26.5,876.4,115,1.5,29.7,1.5
53634.0,1337.7,271.350,0.06,271.35,40.76074,-111.86501,25.2,26.4,876.4,118,1.6,30.6,1.7
53635.0,1337.7,271.380,0.04,271.38,40.76074,-111.86501,25.1,26.3,876.4,116,1.5,28.6,1.5
53636.0,1337.7,271.370,0.02,271.37,40.76074,-111.86501,25.2,26.2,876.4,110,1.3,22.2,1.3
53637.0,1337.7,271.330,0.03,271.33,40.76074,-111.86501,25.2,26.2,876.4,110,1.3,22.3,1.3
53638.0,1337.7,271.300,0.04,271.30,40.76074,-111.86501,25.2,26.2,876.4,111,1.2,23.6,1.2
53639.0,1337.7,271.310,0.03,271.31,40.76074,-111.86501,25.1,26.2,876.4,109,1.1,22.2,1.1
53640.0,1337.7,271.340,0.05,271.34,40.76074,-111.86501,25.2,26.2,876.4,115,1.2,28.5,1.2
53641.0,1337.7,271.350,0.05,271.35,40.76074,-111.86501,25.1,26.2,876.4,115,1.3,28.5,1.3
53642.0,1337.7,271.330,0.09,271.33,40.76074,-111.86501,25.1,26.2,876.4,109,1.1,24.9,1.1
53643.0,1337.7,271.320,0.06,271.32,40.76074,-111.86501,25.2,26.2,876.4,113,1.2,26.7,1.2
53644.0,1337.8,271.390,0.09,271.39,40.76074,-111.86501,25.2,26.2,876.4,115,1.2,30.7,1.2
53645.0,1337.8,271.380,0.05,271.38,40.76074,-111.86501,25.2,26.1,876.4,120,1.3,33.4,1.3
53646.0,1337.8,271.410,0.05,271.41,40.76074,-111.86501,25.3,26.0,876.4,120,1.3,33.5,1.3
53647.0,1337.8,271.460,0.14,271.46,40.76074,-111.86501,25.3,25.9,876.4,119,1.2,36.4,1.2
53648.0,1337.8,271.520,0.05,271.52,40.76074,-111.86501,25.3,26.0,876.4,111,0.9,25.3,0.9
53649.0,1337.8,271.560,0.08,271.56,40.76074,-111.86501,25.2,25.9,876.4,106,0.8,22.9,0.8
53650.0,1337.8,271.480,0.04,271.48,40.76074,-111.86501,25.2,25.9,876.4,119,1.0,32.1,1.0
53651.0,1337.8,271.410,0.06,271.41,40.76074,-111.86501,25.2,25.9,876.4,115,1.0,29.8,1.0
53652.0,1337.8,271.320,0.02,271.32,40.76074,-111.86501,25.1,25.9,876.3,112,1.2,24.7,1.2
53653.0,1337.8,270.650,0.53,271.27,40.76074,-111.86501,25.2,25.9,876.3,82,1.1,19.4,1.2
53654.0,1337.8,269.410,0.95,271.19,40.76074,-111.86502,25.2,26.0,876.3,62,1.5,8.9,1.4
53655.0,1337.7,272.260,2.10,271.06,40.76074,-111.86504,25.2,26.0,876.3,33,2.3,7.9,1.3
53656.0,1337.6,270.630,3.08,270.57,40.76074,-111.86507,25.2,26.0,876.5,22,2.7,30.0,1.2
53657.0,1337.5,271.720,3.86,270.06,40.76074,-111.86511,25.2,26.2,876.4,21,3.5,28.5,1.4
53658.0,1337.3,270.210,4.62,270.00,40.76074,-111.86516,25.1,26.2,876.3,16,3.9,38.7,1.3
53659.0,1337.2,268.430,5.03,269.90,40.76074,-111.86522,24.9,26.1,876.3,11,4.4,37.0,1.1
53660.0,1337.0,269.640,5.41,269.77,40.76074,-111.86528,24.8,26.1,876.3,9,5.0,30.8,0.9
53661.0,1336.8,269.340,5.78,269.68,40.76074,-111.86534,24.8,26.0,876.2,1,5.3,74.3,0.5
53662.0,1336.7,269.790,6.11,269.88,40.76074,-111.86541,24.9,26.0,876.3,4,4.9,74.6,1.2
53663.0,1336.5,270.680,6.41,272.03,40.76074,-111.86549,24.8,25.9,876.3,7,5.0,66.0,1.5
53664.0,1336.3,274.390,6.82,273.71,40.76074,-111.86557,24.9,25.9,876.5,8,6.0,50.1,1.2
53665.0,1336.1,271.780,7.42,272.80,40.76075,-111.86565,24.9,25.9,876.4,7,6.6,49.5,1.2
53666.0,1335.9,272.760,8.08,272.86,40.76075,-111.86574,24.7,26.0,876.5,5,6.8,67.5,1.5
53667.0,1335.7,272.600,8.58,273.06,40.76075,-111.86584,24.8,26.1,876.5,3,7.8,68.3,0.9
53668.0,1335.5,272.030,8.88,272.92,40.76076,-111.86594,24.7,26.2,876.5,1,8.0,80.1,0.9
53669.0,1335.2,272.300,9.12,272.31,40.76076,-111.86605,24.6,26.3,876.5,1,8.2,86.9,0.9
53670.0,1335.0,271.060,9.27,271.46,40.76076,-111.86616,24.7,26.3,876.5,1,8.5,75.8,0.8
53671.0,1334.7,271.810,9.43,270.82,40.76077,-111.86627,24.7,26.4,876.5,2,8.1,79.1,1.4
53672.0,1334.4,269.300,9.60,270.25,40.76077,-111.86639,24.7,26.4,876.6,356,8.5,119.8,1.3
53673.0,1334.1,270.680,9.68,269.99,40.76077,-111.86650,24.8,26.4,876.6,354,8.8,134.2,1.3
53674.0,1333.7,271.110,10.16,269.83,40.76077,-111.86662,24.8,26.4,876.5,357,9.3,122.1,1.0
53675.0,1333.3,268.770,10.09,269.62,40.76077,-111.86674,24.8,26.4,876.4,359,8.8,96.4,1.3
53676.0,1333.0,269.950,10.12,269.66,40.76077,-111.86686,25.0,26.5,876.4,360,8.3,90.4,1.8
53677.0,1332.7,270.400,10.11,269.86,40.76077,-111.86698,25.0,26.6,876.8,357,9.1,113.2,1.1
53678.0,1332.3,271.110,10.18,270.01,40.76077,-111.86710,24.9,26.7,877.2,4,8.8,69.9,1.5
53679.0,1332.0,271.210,10.35,269.91,40.76077,-111.86722,24.9,26.7,877.3,3,9.1,71.4,1.3
53680.0,1331.7,270.210,10.33,270.32,40.76077,-111.86734,24.8,26.7,877.0,360,9.2,93.6,1.1
53681.0,1331.4,271.290,10.19,271.42,40.76077,-111.86747,24.9,26.7,876.7,358,10.3,196.2,0.4
